1	1	3.8184955285932283
1	2	3.1669311876754134
1	3	3.310697027750189
1	4	3.39418341261817
1	5	2.6200338743055873
1	6	2.3316795710576868
1	7	3.109534068158883
1	8	2.789510035258517
1	9	2.859078769673991
1	10	2.6813202189296685
1	11	3.1557415032008147
1	12	2.3816962996058413
1	13	2.979156960802373
1	14	2.9676326461467557
1	15	2.4535518465835895
1	16	3.113133912999232
1	17	2.2409002163814034
1	18	3.160821039218913
1	19	2.5079044206989405
1	20	2.060723780553536
1	21	0.8588324790637576
1	22	1.1274223575155986
1	23	1.1136742578493823
1	24	1.6006981170115804
1	25	1.5401701211945342
1	26	1.3717531236747655
1	27	1.7444198061141272
1	28	0.925443586790812
1	29	1.066222313333045
1	30	0.8016064171360351
1	31	1.1588877779077658
1	32	1.8155502151227432
1	33	1.2843725153134717
1	34	1.2828862261023848
1	35	0.9790325624834
1	36	1.3244685572901411
1	37	0.9263021565865617
1	38	1.3996294805225808
1	39	0.624306715736688
1	40	0.6813275729981796
1	41	2.2840553123701106
1	42	2.5658304712243134
1	43	2.0655187376994966
1	44	2.535939476040031
1	45	2.260643012253275
1	46	2.448484168553469
1	47	2.0995639818402783
1	48	1.980026485118367
1	49	2.470125359909657
1	50	2.1508239747321594
2	1	3.1669311876754134
2	2	3.8184955285932283
2	3	2.784635266448723
2	4	3.3162942862107356
2	5	3.1887429583688407
2	6	2.975924527204947
2	7	2.4631055726358477
2	8	3.2633287420801125
2	9	2.2545732938888134
2	10	3.291748307577148
2	11	3.7959773872576887
2	12	3.00200581157857
2	13	2.4951817168544705
2	14	2.3274993403877575
2	15	3.10154823214979
2	16	2.4763444952191165
2	17	2.8750194428534437
2	18	2.5416348702742386
2	19	3.148078138872109
2	20	2.7098203038931414
2	21	0.6425071710500783
2	22	1.3476653877799332
2	23	0.8600617479369213
2	24	1.556435709280104
2	25	1.2901612964476854
2	26	1.0695980839718082
2	27	1.7056374978463404
2	28	1.1963930372548588
2	29	0.9990318344891489
2	30	0.9041792964297484
2	31	1.3157055901118362
2	32	1.6054605432233795
2	33	1.1488669040375923
2	34	1.5375951218181791
2	35	0.8486721957224268
2	36	1.5183524311451948
2	37	1.1882353624022883
2	38	1.6368246318653985
2	39	0.7186603112775969
2	40	0.9987827956485265
2	41	2.4895026904635906
2	42	2.5136939705173766
2	43	2.2820362929544897
2	44	2.697864508730773
2	45	2.175508505546496
2	46	2.418123709052882
2	47	2.0948725507178
2	48	1.9408927287082378
2	49	2.4279519240764182
2	50	2.4166026630701234
3	1	3.310697027750189
3	2	2.784635266448723
3	3	3.8184955285932283
3	4	3.2451533076467083
3	5	2.1740310839062227
3	6	2.027685050158631
3	7	3.3233785621535343
3	8	2.3151295460527983
3	9	2.792720051385589
3	10	2.4092776277078247
3	11	2.766695826828169
3	12	1.968153797760721
3	13	2.7012321969886584
3	14	3.252984948750325
3	15	2.132364348460759
3	16	3.0942126173323423
3	17	1.8440835004530642
3	18	3.4949643026600654
3	19	2.118629524930128
3	20	1.7000543882565347
3	21	0.5050850844779484
3	22	0.6252384724560192
3	23	0.7772133621764818
3	24	1.1535035833999503
3	25	1.1902610468421453
3	26	1.0606865574468718
3	27	1.2924792352368821
3	28	0.4193818929160469
3	29	0.6366055223786566
3	30	0.3214475204333227
3	31	0.6654115591943062
3	32	1.4341820585911593
3	33	0.880219654423883
3	34	0.7772173224583914
3	35	0.578081700902886
3	36	0.8245917190083696
3	37	0.4208470286972559
3	38	0.8949541150612368
3	39	0.14732817312666446
3	40	0.17363047802951748
3	41	1.777890267147364
3	42	2.093475837408718
3	43	1.5598010598534664
3	44	2.0305547044255414
3	45	1.8098554513533007
3	46	1.975009364833706
3	47	1.6294802820897707
3	48	1.5228117599670954
3	49	1.998914256195246
3	50	1.6430769633057327
4	1	3.39418341261817
4	2	3.3162942862107356
4	3	3.2451533076467083
4	4	3.8184955285932283
4	5	2.6865700293504826
4	6	2.600967665361012
4	7	2.8285324928763105
4	8	2.781546626531472
4	9	2.45657984969547
4	10	2.981578196909822
4	11	3.295133991027964
4	12	2.513118840219888
4	13	2.555884716667241
4	14	2.7172287773514814
4	15	2.7051727595969206
4	16	2.7336495379406966
4	17	2.3999570539929285
4	18	2.953580310584547
4	19	2.674344605877919
4	20	2.269036962506826
4	21	0.4724396082792035
4	22	0.9289014451792403
4	23	0.7184246751817716
4	24	1.2786692918463767
4	25	1.1480338517136475
4	26	0.966262168581808
4	27	1.4262072232860858
4	28	0.7554838001440833
4	29	0.7307802981625247
4	30	0.5387600788815945
4	31	0.9259658082743405
4	32	1.436792919583131
4	33	0.9254789243189454
4	34	1.1055016002733558
4	35	0.6200397718458821
4	36	1.1127572641312886
4	37	0.7508869539067669
4	38	1.2129460451357867
4	39	0.3564599996240636
4	40	0.5395191259857572
4	41	2.0923838259472456
4	42	2.258226510054312
4	43	1.8754065856165882
4	44	2.3285402486272875
4	45	1.9317538571329482
4	46	2.1466061221743704
4	47	1.8009250460516895
4	48	1.6648216222787746
4	49	2.1638180292621625
4	50	1.9903968988682053
5	1	2.6200338743055873
5	2	3.1887429583688407
5	3	2.1740310839062227
5	4	2.6865700293504826
5	5	3.8184955285932283
5	6	3.135765324975809
5	7	1.9183805034323222
5	8	3.5830577147674822
5	9	1.849716489097555
5	10	3.1337480430037457
5	11	3.209907021396317
5	12	3.5303822088998724
5	13	2.194234036190065
5	14	1.7719722325986922
5	15	3.246761436816712
5	16	2.0077183117477295
5	17	3.3682544082820662
5	18	1.9640987180861376
5	19	3.519123801654705
5	20	3.1227242644677693
5	21	0.7600475488713188
5	22	1.8243011883481375
5	23	0.9310620774789213
5	24	1.788306780720824
5	25	1.3417366337296528
5	26	1.080871871503931
5	27	1.9303248853285613
5	28	1.7158800966582022
5	29	1.2434788520544298
5	30	1.3025308240453524
5	31	1.742482683273625
5	32	1.6737212882592938
5	33	1.3210618144403057
5	34	2.0332743982215344
5	35	1.0408489133534422
5	36	1.966101693437447
5	37	1.7015349738075383
5	38	2.1140044388449946
5	39	1.116439111179433
5	40	1.5536300252697433
5	41	2.8483031052791343
5	42	2.6036640925627443
5	43	2.6865311213078966
5	44	2.955848779616141
5	45	2.2999317531636265
5	46	2.5515831047807493
5	47	2.309237013002859
5	48	2.141350881205418
5	49	2.5476717338512076
5	50	2.85056931238085
6	1	2.3316795710576868
6	2	2.975924527204947
6	3	2.027685050158631
6	4	2.600967665361012
6	5	3.135765324975809
6	6	3.8184955285932283
6	7	1.6423928101919407
6	8	2.9407008559512295
6	9	1.4144928950002287
6	10	3.4329753901044784
6	11	2.9824197842163445
6	12	3.315093339657316
6	13	1.683892121694063
6	14	1.516104551818351
6	15	3.685781790744531
6	16	1.634320247733719
6	17	3.3651902109073006
6	18	1.7444160186021995
6	19	3.4333930571315086
6	20	3.4191104773961425
6	21	0.07963927896112999
6	22	1.226674154334007
6	23	0.2566357130142576
6	24	1.1064267645645227
6	25	0.672289094231294
6	26	0.4188644106194168
6	27	1.2478884798747951
6	28	1.16107814709473
6	29	0.5639917365244371
6	30	0.6652139491363154
6	31	1.113564287864163
6	32	1.00297577570394
6	33	0.6384520321444325
6	34	1.445789427247663
6	35	0.35829191556209583
6	36	1.3449484009961106
6	37	1.140414644399446
6	38	1.509046634650284
6	39	0.4808962493262223
6	40	1.0497040221489926
6	41	2.172026640175072
6	42	1.939259731069202
6	43	2.0256561008008287
6	44	2.274120601580871
6	45	1.6248499499590583
6	46	1.878081294007355
6	47	1.6266210392530933
6	48	1.4588173076360245
6	49	1.8764043849933847
6	50	2.194602564919732
7	1	3.109534068158883
7	2	2.4631055726358477
7	3	3.3233785621535343
7	4	2.8285324928763105
7	5	1.9183805034323222
7	6	1.6423928101919407
7	7	3.8184955285932283
7	8	2.103142936041995
7	9	3.2226603239309433
7	10	2.0092031581733267
7	11	2.450342341586838
7	12	1.6735270906327626
7	13	2.9759711527664483
7	14	3.665081209006989
7	15	1.7591190282675355
7	16	3.48941428931212
7	17	1.5319434304728405
7	18	3.626537396651388
7	19	1.7993244448535495
7	20	1.3545405366714642
7	21	0.8183164231646103
7	22	0.6547527501170998
7	23	1.103641688605577
7	24	1.3272262220892141
7	25	1.4946483489366469
7	26	1.4055651373478866
7	27	1.4537411116907584
7	28	0.42143558446021556
7	29	0.8508524139972935
7	30	0.43830385728017074
7	31	0.7348757839806646
7	32	1.6962148711371539
7	33	1.1271255167907124
7	34	0.7786409256256377
7	35	0.8347535833098512
7	36	0.863769721143123
7	37	0.4289819129187453
7	38	0.9032757967926983
7	39	0.27490016551772767
7	40	0.1496286399124207
7	41	1.7527536068899945
7	42	2.1794681560059557
7	43	1.5453917253204157
7	44	2.0034063635506745
7	45	1.9546882890937372
7	46	2.0650723816787133
7	47	1.742474857936425
7	48	1.6667735762197213
7	49	2.0928902716123403
7	50	1.5938321464619651
8	1	2.789510035258517
8	2	3.2633287420801125
8	3	2.3151295460527983
8	4	2.781546626531472
8	5	3.5830577147674822
8	6	2.9407008559512295
8	7	2.103142936041995
8	8	3.8184955285932283
8	9	2.0714744886687164
8	10	3.028571635452406
8	11	3.285830333778751
8	12	3.295024869766462
8	13	2.4256159908591535
8	14	1.953582359993071
8	15	3.06378127627271
8	16	2.2154915595465896
8	17	3.1328967767529887
8	18	2.1324822950313003
8	19	3.3075315651405246
8	20	2.888119978821771
8	21	0.9521668324705348
8	22	1.8816570253881169
8	23	1.1339039821605734
8	24	1.9549371426437179
8	25	1.55007144211199
8	26	1.2951435830688607
8	27	2.1004406087187055
8	28	1.7437589602504127
8	29	1.4025698740418036
8	30	1.4007137214395646
8	31	1.8282742519411386
8	32	1.8807390567357427
8	33	1.5019675332230746
8	34	2.0790164612099993
8	35	1.2148547080170742
8	36	2.041500227283327
8	37	1.7338911890622821
8	38	2.172355880861617
8	39	1.2141880957664117
8	40	1.5528267765028962
8	41	2.9817161861394217
8	42	2.816860433415396
8	43	2.7931381958902852
8	44	3.134963878731142
8	45	2.5010946878785556
8	46	2.7547318378335257
8	47	2.4869054157732142
8	48	2.3209424807889913
8	49	2.7537946825685977
8	50	2.9432869216680118
9	1	2.859078769673991
9	2	2.2545732938888134
9	3	2.792720051385589
9	4	2.45657984969547
9	5	1.849716489097555
9	6	1.4144928950002287
9	7	3.2226603239309433
9	8	2.0714744886687164
9	9	3.8184955285932283
9	10	1.7389649221471002
9	11	2.2497238366816563
9	12	1.5718806153122569
9	13	3.3821287603317343
9	14	3.1536277520118983
9	15	1.5431867016441765
9	16	3.5167460514733406
9	17	1.414790492435165
9	18	3.038543722961384
9	19	1.6564654121851374
9	20	1.1988452024299203
9	21	1.391100383767081
9	22	0.9909678568693243
9	23	1.6812148957374755
9	24	1.7884053884550757
9	25	2.056827877118116
9	26	1.9895619210389066
9	27	1.8990095315212059
9	28	0.7342044114251651
9	29	1.357349202907928
9	30	0.8666371878541264
9	31	1.1104826493859172
9	32	2.224425697214183
9	33	1.6547739974613922
9	34	1.0811550356686528
9	35	1.373252123129677
9	36	1.2043348935492237
9	37	0.7480906097480653
9	38	1.209388906919234
9	39	0.715837622740878
9	40	0.44022053354879187
9	41	1.9787517357292495
9	42	2.4971266724194185
9	43	1.7975718439181056
9	44	2.2056360357432663
9	45	2.358557909695064
9	46	2.3988305425744967
9	47	2.125182932255317
9	48	2.0860425924192882
9	49	2.4285863255927502
9	50	1.8025206006648884
10	1	2.6813202189296685
10	2	3.291748307577148
10	3	2.4092776277078247
10	4	2.981578196909822
10	5	3.1337480430037457
10	6	3.4329753901044784
10	7	2.0092031581733267
10	8	3.028571635452406
10	9	1.7389649221471002
10	10	3.8184955285932283
10	11	3.290638005699307
10	12	3.152749240735277
10	13	1.968480987567711
10	14	1.8878032656462853
10	15	3.5144277893591167
10	16	1.9766910067153807
10	17	3.111406767582704
10	18	2.119784829862385
10	19	3.336044354803732
10	20	3.0623643863713657
10	21	0.195700599781925
10	22	1.139581666012035
10	23	0.3961299849323412
10	24	1.1705212640669438
10	25	0.8219179391215183
10	26	0.5866149796546192
10	27	1.3173997358990435
10	28	1.0361742133393999
10	29	0.6159219587567182
10	30	0.6245683330676894
10	31	1.0609690485527015
10	32	1.1459026325503858
10	33	0.7293597455246945
10	34	1.3492374581194513
10	35	0.4370408764150886
10	36	1.2826711691689852
10	37	1.0205780285085049
10	38	1.42926035010959
10	39	0.4381532927264393
10	40	0.8873887482752765
10	41	2.194297810665319
10	42	2.0782944243543
10	43	2.015181812142785
10	44	2.3495761479682047
10	45	1.7463220640416544
10	46	1.9984173068665403
10	47	1.7066135067880808
10	48	1.5431296990197847
10	49	2.002528511792527
10	50	2.1742712312724883
11	1	3.1557415032008147
11	2	3.7959773872576887
11	3	2.766695826828169
11	4	3.295133991027964
11	5	3.209907021396317
11	6	2.9824197842163445
11	7	2.450342341586838
11	8	3.285830333778751
11	9	2.2497238366816563
11	10	3.290638005699307
11	11	3.8184955285932283
11	12	3.0198217466809325
11	13	2.4959740376563984
11	14	2.3138314504787774
11	15	3.1091781785389165
11	16	2.468428194392692
11	17	2.891140581942976
11	18	2.5265253020118115
11	19	3.1635190530106354
11	20	2.7226541811508227
11	21	0.6556961064484095
11	22	1.3692858710934601
11	23	0.8719992243632371
11	24	1.5733456950395452
11	25	1.3018478897439074
11	26	1.0798272647676752
11	27	1.7225152763891778
11	28	1.2185166177255797
11	29	1.0158573259807473
11	30	0.9243727364003314
11	31	1.3365457070795062
11	32	1.6179852793914433
11	33	1.1639141156983537
11	34	1.5595050447365395
11	35	0.8640638361556081
11	36	1.5396005434441866
11	37	1.2102901705314975
11	38	1.6585282541703124
11	39	0.7387894053154427
11	40	1.0211995153608293
11	41	2.510119933083975
11	42	2.528625143904272
11	43	2.303082706042324
11	44	2.7172419434406128
11	45	2.1905076120947626
11	46	2.43391962967182
11	47	2.1119956511748312
11	48	1.9574564035442361
11	49	2.4434186708441668
11	50	2.4381704033289777
12	1	2.3816962996058413
12	2	3.00200581157857
12	3	1.968153797760721
12	4	2.513118840219888
12	5	3.5303822088998724
12	6	3.315093339657316
12	7	1.6735270906327626
12	8	3.295024869766462
12	9	1.5718806153122569
12	10	3.152749240735277
12	11	3.0198217466809325
12	12	3.8184955285932283
12	13	1.908405905305557
12	14	1.530913538166185
12	15	3.3835392439188428
12	16	1.7416174804899325
12	17	3.6563640349761073
12	18	1.7343345484065718
12	19	3.633607799623673
12	20	3.4065427804146604
12	21	0.5227060785043909
12	22	1.7293059084976354
12	23	0.6813578925708268
12	24	1.573929859433877
12	25	1.0850477087740655
12	26	0.8181782753745734
12	27	1.7111284651732825
12	28	1.6569746125541784
12	29	1.0408601565366356
12	30	1.1674913865946914
12	31	1.6164779157665907
12	32	1.4175057038946304
12	33	1.0941995944401404
12	34	1.9476759651960514
12	35	0.8227460044890682
12	36	1.84821727060425
12	37	1.637579439992562
12	38	2.0123052699495267
12	39	0.9834836831068485
12	40	1.5315696149390687
12	41	2.6472086268037796
12	42	2.3369324771405022
12	43	2.5169587703057674
12	44	2.712337689870216
12	45	2.04659738775122
12	46	2.2943517695973563
12	47	2.0786472802424534
12	48	1.9105891511591677
12	49	2.2877640002830053
12	50	2.687294125949742
13	1	2.979156960802373
13	2	2.4951817168544705
13	3	2.7012321969886584
13	4	2.555884716667241
13	5	2.194234036190065
13	6	1.683892121694063
13	7	2.9759711527664483
13	8	2.4256159908591535
13	9	3.3821287603317343
13	10	1.968480987567711
13	11	2.4959740376563984
13	12	1.908405905305557
13	13	3.8184955285932283
13	14	2.853770791540719
13	15	1.816055382873642
13	16	3.295045900203413
13	17	1.7474334283550985
13	18	2.8377445251000633
13	19	1.9686291038397894
13	20	1.5160917153544022
13	21	1.620811079734926
13	22	1.4177514547600016
13	23	1.8944615006314711
13	24	2.164337702883911
13	25	2.3052639379189035
13	26	2.175586653705891
13	27	2.2860945365469094
13	28	1.1648226985349868
13	29	1.69325597883125
13	30	1.260380124770089
13	31	1.527015341208359
13	32	2.5314629223137994
13	33	1.9652475258031397
13	34	1.5138283429019386
13	35	1.6693712600761939
13	36	1.6306993754828398
13	37	1.1776835452449754
13	38	1.6418338971501596
13	39	1.1023505925725838
13	40	0.873432760055739
13	41	2.413351295598086
13	42	2.9323526965425915
13	43	2.2338787800342326
13	44	2.6357587065954458
13	45	2.770664360102801
13	46	2.831566546454807
13	47	2.543762442334293
13	48	2.4888592852364306
13	49	2.8612161842799813
13	50	2.2361480180562388
14	1	2.9676326461467557
14	2	2.3274993403877575
14	3	3.252984948750325
14	4	2.7172287773514814
14	5	1.7719722325986922
14	6	1.516104551818351
14	7	3.665081209006989
14	8	1.953582359993071
14	9	3.1536277520118983
14	10	1.8878032656462853
14	11	2.3138314504787774
14	12	1.530913538166185
14	13	2.853770791540719
14	14	3.8184955285932283
14	15	1.6302738210755288
14	16	3.377026364175246
14	17	1.3914194024018043
14	18	3.5758220479295377
14	19	1.660500537432521
14	20	1.2191388150136326
14	21	0.7284880993140028
14	22	0.5090012161384911
14	23	1.0173317976997898
14	24	1.200016033147496
14	25	1.3990752623928957
14	26	1.3247272123710712
14	27	1.3237994742782075
14	28	0.27351937319877395
14	29	0.7335431630393572
14	30	0.3036778652667764
14	31	0.5932984857288255
14	32	1.587108173576699
14	33	1.016738497532582
14	34	0.6303131948257246
14	35	0.7279123388849089
14	36	0.7186719196662672
14	37	0.28156023132168695
14	38	0.7553465364078988
14	39	0.14223268216959983
14	40	0.0
14	41	1.6014500336296558
14	42	2.035594823489023
14	43	1.3949849525832096
14	44	1.8516076393246637
14	45	1.8197544825832002
14	46	1.922207682485095
14	47	1.603875562070837
14	48	1.5330724635913735
14	49	1.950343964266082
14	50	1.4416672585334371
15	1	2.4535518465835895
15	2	3.10154823214979
15	3	2.132364348460759
15	4	2.7051727595969206
15	5	3.246761436816712
15	6	3.685781790744531
15	7	1.7591190282675355
15	8	3.06378127627271
15	9	1.5431867016441765
15	10	3.5144277893591167
15	11	3.1091781785389165
15	12	3.3835392439188428
15	13	1.816055382873642
15	14	1.6302738210755288
15	15	3.8184955285932283
15	16	1.7594165800631165
15	17	3.3900787354872643
15	18	1.8557586680609663
15	19	3.534177905992767
15	20	3.3661931042151902
15	21	0.19868521105291004
15	22	1.3002996199637256
15	23	0.37932089273710146
15	24	1.2173442372385264
15	25	0.796637107426625
15	26	0.5452768527174201
15	27	1.360075838060089
15	28	1.222501997669367
15	29	0.6717557400283614
15	30	0.7511525219618966
15	31	1.1969864952080624
15	32	1.126725690848967
15	33	0.7537349506830084
15	34	1.5170178754259758
15	35	0.4710931549618893
15	36	1.4261449683886607
15	37	1.2034818322392677
15	38	1.585553702236
15	39	0.5660166349880744
15	40	1.0977913814560898
15	41	2.2772834228386776
15	42	2.0638810836475634
15	43	2.1227129587687603
15	44	2.3902527775792564
15	45	1.746439705995198
15	46	2.0000316552318127
15	47	1.741480615199086
15	48	1.5740945349787734
15	49	1.999168737643289
15	50	2.2900228921659256
16	1	3.113133912999232
16	2	2.4763444952191165
16	3	3.0942126173323423
16	4	2.7336495379406966
16	5	2.0077183117477295
16	6	1.634320247733719
16	7	3.48941428931212
16	8	2.2154915595465896
16	9	3.5167460514733406
16	10	1.9766910067153807
16	11	2.468428194392692
16	12	1.7416174804899325
16	13	3.295045900203413
16	14	3.377026364175246
16	15	1.7594165800631165
16	16	3.8184955285932283
16	17	1.5899265028516845
16	18	3.322735467305306
16	19	1.8445163973292587
16	20	1.3887012258201512
16	21	1.146502008751225
16	22	0.9260911115849635
16	23	1.4308435071334742
16	24	1.6409521653335823
16	25	1.8235834157269604
16	26	1.7305735084902447
16	27	1.7636613679686808
16	28	0.6830689786019501
16	29	1.1739988321749735
16	30	0.7407693213117543
16	31	1.020717111268302
16	32	2.023667428165543
16	33	1.4539849390542678
16	34	1.0374389892937375
16	35	1.1627242038925214
16	36	1.1374397030797847
16	37	0.693106906002376
16	38	1.1639789858523648
16	39	0.5808960834127772
16	40	0.401667926357804
16	41	1.9862510427254148
16	42	2.454070612905233
16	43	1.788047070760404
16	44	2.2295794132994797
16	45	2.2553665289853932
16	46	2.343965774783417
16	47	2.035097995352761
16	48	1.9702406592524553
16	49	2.372779973855214
16	50	1.8184096895869262
17	1	2.2409002163814034
17	2	2.8750194428534437
17	3	1.8440835004530642
17	4	2.3999570539929285
17	5	3.3682544082820662
17	6	3.3651902109073006
17	7	1.5319434304728405
17	8	3.1328967767529887
17	9	1.414790492435165
17	10	3.111406767582704
17	11	2.891140581942976
17	12	3.6563640349761073
17	13	1.7474334283550985
17	14	1.3914194024018043
17	15	3.3900787354872643
17	16	1.5899265028516845
17	17	3.8184955285932283
17	18	1.5997784910228923
17	19	3.543731703659523
17	20	3.5624933635787386
17	21	0.38501445615361796
17	22	1.659502860236965
17	23	0.5374495425560579
17	24	1.445597035156879
17	25	0.9374293016411568
17	26	0.6678904440633908
17	27	1.5801118966459686
17	28	1.6066614100445529
17	29	0.9195742190961371
17	30	1.0799401334296732
17	31	1.5314750817345386
17	32	1.269774387701153
17	33	0.9609123057137312
17	34	1.8810161944906991
17	35	0.6941981212951052
17	36	1.7658557979771499
17	37	1.5847123786046127
17	38	1.936818951977594
17	39	0.89766319400277
17	40	1.5020914166024548
17	41	2.518758452873547
17	42	2.1832202773769662
17	43	2.403619405726089
17	44	2.566382738633649
17	45	1.8991654487699432
17	46	2.1446611056774936
17	47	1.9411794741968045
17	48	1.7736090098778279
17	49	2.1369724291271774
17	50	2.57438147850508
18	1	3.160821039218913
18	2	2.5416348702742386
18	3	3.4949643026600654
18	4	2.953580310584547
18	5	1.9640987180861376
18	6	1.7444160186021995
18	7	3.626537396651388
18	8	2.1324822950313003
18	9	3.038543722961384
18	10	2.119784829862385
18	11	2.5265253020118115
18	12	1.7343345484065718
18	13	2.8377445251000633
18	14	3.5758220479295377
18	15	1.8557586680609663
18	16	3.322735467305306
18	17	1.5997784910228923
18	18	3.8184955285932283
18	19	1.8715490932242762
18	20	1.4368305843342437
18	21	0.6559602218744076
18	22	0.583859015387453
18	23	0.9381483525817647
18	24	1.2087090882997393
18	25	1.3360799435101844
18	26	1.2357091779901888
18	27	1.3398526295680155
18	28	0.35987583832839
18	29	0.7178843136686068
18	30	0.33631893076658903
18	31	0.6500065349354496
18	32	1.5508522149231512
18	33	0.984671182552312
18	34	0.7182966537545985
18	35	0.6886965047642799
18	36	0.7900308174354547
18	37	0.36522564084986
18	38	0.8408138611924554
18	39	0.16895477194845787
18	40	0.0970201929680341
18	41	1.7066897040879465
18	42	2.096327745781427
18	43	1.4940596069654308
18	44	1.9600483419041541
18	45	1.8490225078813798
18	46	1.979436159254318
18	47	1.6464905264671477
18	48	1.5597051478649093
18	49	2.0060999965724755
18	50	1.55578789173222
19	1	2.5079044206989405
19	2	3.148078138872109
19	3	2.118629524930128
19	4	2.674344605877919
19	5	3.519123801654705
19	6	3.4333930571315086
19	7	1.7993244448535495
19	8	3.3075315651405246
19	9	1.6564654121851374
19	10	3.336044354803732
19	11	3.1635190530106354
19	12	3.633607799623673
19	13	1.9686291038397894
19	14	1.660500537432521
19	15	3.534177905992767
19	16	1.8445163973292587
19	17	3.543731703659523
19	18	1.8715490932242762
19	19	3.8184955285932283
19	20	3.360835047088167
19	21	0.460690105421353
19	22	1.5807617503121425
19	23	0.632851340146372
19	24	1.4914416001859387
19	25	1.0450553031362726
19	26	0.7866115193995089
19	27	1.6326674767537237
19	28	1.4958672644440956
19	29	0.9489709177171184
19	30	1.0352926581739652
19	31	1.480702324621093
19	32	1.376717214235379
19	33	1.0221680208711739
19	34	1.796143829106298
19	35	0.7429983743827071
19	36	1.7092965546262966
19	37	1.4780100573670887
19	38	1.8670684480261772
19	39	0.850073694712691
19	40	1.3603160363232103
19	41	2.5566756680241176
19	42	2.309522683615305
19	43	2.4061386361462036
19	44	2.656485039793256
19	45	2.001792545263159
19	46	2.2540442966746834
19	47	2.010299315564379
19	48	1.8423295613296036
19	49	2.250892546066082
19	50	2.5738867543714132
20	1	2.060723780553536
20	2	2.7098203038931414
20	3	1.7000543882565347
20	4	2.269036962506826
20	5	3.1227242644677693
20	6	3.4191104773961425
20	7	1.3545405366714642
20	8	2.888119978821771
20	9	1.1988452024299203
20	10	3.0623643863713657
20	11	2.7226541811508227
20	12	3.4065427804146604
20	13	1.5160917153544022
20	14	1.2191388150136326
20	15	3.3661931042151902
20	16	1.3887012258201512
20	17	3.5624933635787386
20	18	1.4368305843342437
20	19	3.360835047088167
20	20	3.8184955285932283
20	21	0.13331106460261655
20	22	1.4638185430746669
20	23	0.2829824164794643
20	24	1.1987952153985755
20	25	0.6818662761747243
20	26	0.4119424949897934
20	27	1.3315388296744892
20	28	1.432962630031501
20	29	0.6781478550949775
20	30	0.8680847013001651
20	31	1.320758114202917
20	32	1.0141624707193655
20	33	0.7114268327557491
20	34	1.6873722837210146
20	35	0.4478144550428622
20	36	1.5567649250057465
20	37	1.4081956073274737
20	38	1.7336727744092943
20	39	0.6879972767774651
20	40	1.3543406989795947
20	41	2.2701734791412456
20	42	1.9274512515175823
20	43	2.1649425031953307
20	44	2.310872118826562
20	45	1.6435400428533913
20	46	1.8887118522929935
20	47	1.6889042529991163
20	48	1.5216821977511534
20	49	1.880972691575207
20	50	2.3351567156780453
21	1	0.8588324790637576
21	2	0.6425071710500783
21	3	0.5050850844779484
21	4	0.4724396082792035
21	5	0.7600475488713188
21	6	0.07963927896112999
21	7	0.8183164231646103
21	8	0.9521668324705348
21	9	1.391100383767081
21	10	0.195700599781925
21	11	0.6556961064484095
21	12	0.5227060785043909
21	13	1.620811079734926
21	14	0.7284880993140028
21	15	0.19868521105291004
21	16	1.146502008751225
21	17	0.38501445615361796
21	18	0.6559602218744076
21	19	0.460690105421353
21	20	0.13331106460261655
21	21	3.8184955285932283
21	22	1.8705169361438418
21	23	3.520093203265368
21	24	2.7254368735080945
21	25	3.133124915931047
21	26	3.195990818996022
21	27	2.6100517226092332
21	28	1.618884096432637
21	29	3.0765522122522606
21	30	2.3327110338097015
21	31	2.1324692634723514
21	32	2.8511897187923596
21	33	3.2250391911749623
21	34	1.7435130899273346
21	35	3.3782992910093315
21	36	1.9823083330977298
21	37	1.6585414781698313
21	38	1.814262853734259
21	39	2.3279524713165927
21	40	1.3315867079292554
21	41	1.6790949120343943
21	42	1.9356597050960407
21	43	1.7470786562170022
21	44	1.6224839266750517
21	45	2.2667005517798584
21	46	2.0132561766618533
21	47	2.262193656741495
21	48	2.4298996393649595
21	49	2.01087072368431
21	50	1.5871234809060883
22	1	1.1274223575155986
22	2	1.3476653877799332
22	3	0.6252384724560192
22	4	0.9289014451792403
22	5	1.8243011883481375
22	6	1.226674154334007
22	7	0.6547527501170998
22	8	1.8816570253881169
22	9	0.9909678568693243
22	10	1.139581666012035
22	11	1.3692858710934601
22	12	1.7293059084976354
22	13	1.4177514547600016
22	14	0.5090012161384911
22	15	1.3002996199637256
22	16	0.9260911115849635
22	17	1.659502860236965
22	18	0.583859015387453
22	19	1.5807617503121425
22	20	1.4638185430746669
22	21	1.8705169361438418
22	22	3.8184955285932283
22	23	1.8355905840251787
22	24	2.774840543977163
22	25	2.011577348870684
22	26	1.7375410597424317
22	27	2.7633667667138244
22	28	3.5325735702060803
22	29	2.6093030294408788
22	30	3.1736905509967235
22	31	3.5561623904804764
22	32	2.2057148184865865
22	33	2.400267020874492
22	34	3.594250044090472
22	35	2.3059307471837327
22	36	3.6049983305162265
22	37	3.5603004366449045
22	38	3.527611125175647
22	39	3.014566598017188
22	40	3.2136459661661423
22	41	2.6532291640655323
22	42	2.2902549222151563
22	43	2.871569561239923
22	44	2.4072733620861073
22	45	2.4391250074573216
22	46	2.4002045914477286
22	47	2.678080795068688
22	48	2.6744081670279454
22	49	2.3711185537117543
22	50	2.749473774028765
23	1	1.1136742578493823
23	2	0.8600617479369213
23	3	0.7772133621764818
23	4	0.7184246751817716
23	5	0.9310620774789213
23	6	0.2566357130142576
23	7	1.103641688605577
23	8	1.1339039821605734
23	9	1.6812148957374755
23	10	0.3961299849323412
23	11	0.8719992243632371
23	12	0.6813578925708268
23	13	1.8944615006314711
23	14	1.0173317976997898
23	15	0.37932089273710146
23	16	1.4308435071334742
23	17	0.5374495425560579
23	18	0.9381483525817647
23	19	0.632851340146372
23	20	0.2829824164794643
23	21	3.520093203265368
23	22	1.8355905840251787
23	23	3.8184955285932283
23	24	2.7953035667364423
23	25	3.3870381866671644
23	26	3.494282534412683
23	27	2.708067721082595
23	28	1.567345472245122
23	29	2.987853656890803
23	30	2.217182396498897
23	31	2.091844088193776
23	32	3.0685946609565913
23	33	3.2535610511698865
23	34	1.7371128411525318
23	35	3.246111564067345
23	36	1.974392300597078
23	37	1.604831958544536
23	38	1.8227627390758543
23	39	2.1804534045299393
23	40	1.265161197063474
23	41	1.8131438902953652
23	42	2.131775108424777
23	43	1.8527367490471736
23	44	1.7874462837342358
23	45	2.449552639289152
23	46	2.1969226146688863
23	47	2.4045660303221696
23	48	2.566879766670845
23	49	2.1986037514203267
23	50	1.7020926012458348
24	1	1.6006981170115804
24	2	1.556435709280104
24	3	1.1535035833999503
24	4	1.2786692918463767
24	5	1.788306780720824
24	6	1.1064267645645227
24	7	1.3272262220892141
24	8	1.9549371426437179
24	9	1.7884053884550757
24	10	1.1705212640669438
24	11	1.5733456950395452
24	12	1.573929859433877
24	13	2.164337702883911
24	14	1.200016033147496
24	15	1.2173442372385264
24	16	1.6409521653335823
24	17	1.445597035156879
24	18	1.2087090882997393
24	19	1.4914416001859387
24	20	1.1987952153985755
24	21	2.7254368735080945
24	22	2.774840543977163
24	23	2.7953035667364423
24	24	3.8184955285932283
24	25	3.048393450215733
24	26	2.76346256227223
24	27	3.6692346104405327
24	28	2.489921642393888
24	29	3.260864705783933
24	30	2.884116414621078
24	31	2.9978900278995044
24	32	3.239114833263865
24	33	3.3186404643555103
24	34	2.7247994484273956
24	35	3.0670517031714333
24	36	2.9512111282442723
24	37	2.521222980678047
24	38	2.824844599561131
24	39	2.74391076069014
24	40	2.1720388305280336
24	41	2.7448114971308573
24	42	2.838808030266675
24	43	2.836175775162566
24	44	2.6383231238053546
24	45	3.158520313622535
24	46	2.9479577056065036
24	47	3.2791995115828283
24	48	3.4313228957709825
24	49	2.9325768360856865
24	50	2.67221277166011
25	1	1.5401701211945342
25	2	1.2901612964476854
25	3	1.1902610468421453
25	4	1.1480338517136475
25	5	1.3417366337296528
25	6	0.672289094231294
25	7	1.4946483489366469
25	8	1.55007144211199
25	9	2.056827877118116
25	10	0.8219179391215183
25	11	1.3018478897439074
25	12	1.0850477087740655
25	13	2.3052639379189035
25	14	1.3990752623928957
25	15	0.796637107426625
25	16	1.8235834157269604
25	17	0.9374293016411568
25	18	1.3360799435101844
25	19	1.0450553031362726
25	20	0.6818662761747243
25	21	3.133124915931047
25	22	2.011577348870684
25	23	3.3870381866671644
25	24	3.048393450215733
25	25	3.8184955285932283
25	26	3.5235810626518136
25	27	3.0096557371295205
25	28	1.729181442278573
25	29	2.9764597242648785
25	30	2.257605207136905
25	31	2.248735636392335
25	32	3.4860374586496294
25	33	3.316966604519049
25	34	1.9548901391190812
25	35	3.102928624406706
25	36	2.1816028845701516
25	37	1.7625218694770886
25	38	2.0572060130266925
25	39	2.17368549319092
25	40	1.4139002581088715
25	41	2.1894127086108295
25	42	2.551250356277478
25	43	2.200684422524823
25	44	2.189489522857107
25	45	2.8567268634415246
25	46	2.6081839116708743
25	47	2.776126938317944
25	48	2.9262449719459167
25	49	2.6125358996501578
25	50	2.062049716000443
26	1	1.3717531236747655
26	2	1.0695980839718082
26	3	1.0606865574468718
26	4	0.966262168581808
26	5	1.080871871503931
26	6	0.4188644106194168
26	7	1.4055651373478866
26	8	1.2951435830688607
26	9	1.9895619210389066
26	10	0.5866149796546192
26	11	1.0798272647676752
26	12	0.8181782753745734
26	13	2.175586653705891
26	14	1.3247272123710712
26	15	0.5452768527174201
26	16	1.7305735084902447
26	17	0.6678904440633908
26	18	1.2357091779901888
26	19	0.7866115193995089
26	20	0.4119424949897934
26	21	3.195990818996022
26	22	1.7375410597424317
26	23	3.494282534412683
26	24	2.76346256227223
26	25	3.5235810626518136
26	26	3.8184955285932283
26	27	2.716390636505342
26	28	1.4579843127107126
26	29	2.788335082248595
26	30	2.0330362620308633
26	31	1.9814236949332416
26	32	3.20777672641184
26	33	3.1123106272809293
26	34	1.670585339144187
26	35	2.9906374399928835
26	36	1.9004272740427004
26	37	1.4926335639175878
26	38	1.7699370973591346
26	39	1.9694132536935836
26	40	1.1455196556025338
26	41	1.9040320340958519
26	42	2.295488247203594
26	43	1.90827997633291
26	44	1.917747219436575
26	45	2.583978186516773
26	46	2.3417245359543113
26	47	2.486721300204996
26	48	2.633515327165375
26	49	2.348909201565785
26	50	1.7722313260810751
27	1	1.7444198061141272
27	2	1.7056374978463404
27	3	1.2924792352368821
27	4	1.4262072232860858
27	5	1.9303248853285613
27	6	1.2478884798747951
27	7	1.4537411116907584
27	8	2.1004406087187055
27	9	1.8990095315212059
27	10	1.3173997358990435
27	11	1.7225152763891778
27	12	1.7111284651732825
27	13	2.2860945365469094
27	14	1.3237994742782075
27	15	1.360075838060089
27	16	1.7636613679686808
27	17	1.5801118966459686
27	18	1.3398526295680155
27	19	1.6326674767537237
27	20	1.3315388296744892
27	21	2.6100517226092332
27	22	2.7633667667138244
27	23	2.708067721082595
27	24	3.6692346104405327
27	25	3.0096557371295205
27	26	2.716390636505342
27	27	3.8184955285932283
27	28	2.477697235127359
27	29	3.1118090966523138
27	30	2.785745650111223
27	31	2.9620358942282543
27	32	3.2556898468223174
27	33	3.1974600385360663
27	34	2.744321267711684
27	35	2.9287759352250395
27	36	2.956362906261186
27	37	2.505659335121095
27	38	2.8548398541925275
27	39	2.633807010356821
27	40	2.158802147648121
27	41	2.8797235670190413
27	42	2.98647328341648
27	43	2.954699416364831
27	44	2.7839695848070543
27	45	3.300734111446602
27	46	3.0965705365039016
27	47	3.427857665044725
27	48	3.579794299275581
27	49	3.080675096643363
27	50	2.795546001052127
28	1	0.925443586790812
28	2	1.1963930372548588
28	3	0.4193818929160469
28	4	0.7554838001440833
28	5	1.7158800966582022
28	6	1.16107814709473
28	7	0.42143558446021556
28	8	1.7437589602504127
28	9	0.7342044114251651
28	10	1.0361742133393999
28	11	1.2185166177255797
28	12	1.6569746125541784
28	13	1.1648226985349868
28	14	0.27351937319877395
28	15	1.222501997669367
28	16	0.6830689786019501
28	17	1.6066614100445529
28	18	0.35987583832839
28	19	1.4958672644440956
28	20	1.432962630031501
28	21	1.618884096432637
28	22	3.5325735702060803
28	23	1.567345472245122
28	24	2.489921642393888
28	25	1.729181442278573
28	26	1.4579843127107126
28	27	2.477697235127359
28	28	3.8184955285932283
28	29	2.360799569553336
28	30	3.0190359786448653
28	31	3.29298872140344
28	32	1.9198072510968984
28	33	2.130304702272018
28	34	3.459886743704454
28	35	2.0579441192863475
28	36	3.3310574625305596
28	37	3.7765406225906926
28	38	3.336651122050879
28	39	2.8988591239127834
28	40	3.499546577072369
28	41	2.459870467001754
28	42	2.045946200087463
28	43	2.6780365182276826
28	44	2.207248932956847
28	45	2.1705010637344286
28	46	2.1514270823708666
28	47	2.4100215477128972
28	48	2.3955769353182497
28	49	2.121877122289538
28	50	2.5825516278315632
29	1	1.066222313333045
29	2	0.9990318344891489
29	3	0.6366055223786566
29	4	0.7307802981625247
29	5	1.2434788520544298
29	6	0.5639917365244371
29	7	0.8508524139972935
29	8	1.4025698740418036
29	9	1.357349202907928
29	10	0.6159219587567182
29	11	1.0158573259807473
29	12	1.0408601565366356
29	13	1.69325597883125
29	14	0.7335431630393572
29	15	0.6717557400283614
29	16	1.1739988321749735
29	17	0.9195742190961371
29	18	0.7178843136686068
29	19	0.9489709177171184
29	20	0.6781478550949775
29	21	3.0765522122522606
29	22	2.6093030294408788
29	23	2.987853656890803
29	24	3.260864705783933
29	25	2.9764597242648785
29	26	2.788335082248595
29	27	3.1118090966523138
29	28	2.360799569553336
29	29	3.8184955285932283
29	30	3.0477925729486732
29	31	2.8716309580958406
29	32	2.9448332990501496
29	33	3.4779397201227313
29	34	2.4699353023445845
29	35	3.514981724197259
29	36	2.706684173415254
29	37	2.4004844591575094
29	38	2.5288210278825414
29	39	2.999254764022834
29	40	2.072091244644384
29	41	2.2098767917187967
29	42	2.287847520110852
29	43	2.3312716689910555
29	44	2.0847909285905715
29	45	2.617422763890791
29	46	2.393845647625696
29	47	2.7216102768924615
29	48	2.8759232576565203
29	49	2.3800623872511912
29	50	2.1614231577116945
30	1	0.8016064171360351
30	2	0.9041792964297484
30	3	0.3214475204333227
30	4	0.5387600788815945
30	5	1.3025308240453524
30	6	0.6652139491363154
30	7	0.43830385728017074
30	8	1.4007137214395646
30	9	0.8666371878541264
30	10	0.6245683330676894
30	11	0.9243727364003314
30	12	1.1674913865946914
30	13	1.260380124770089
30	14	0.3036778652667764
30	15	0.7511525219618966
30	16	0.7407693213117543
30	17	1.0799401334296732
30	18	0.33631893076658903
30	19	1.0352926581739652
30	20	0.8680847013001651
30	21	2.3327110338097015
30	22	3.1736905509967235
30	23	2.217182396498897
30	24	2.884116414621078
30	25	2.257605207136905
30	26	2.0330362620308633
30	27	2.785745650111223
30	28	3.0190359786448653
30	29	3.0477925729486732
30	30	3.8184955285932283
30	31	3.3657517901554765
30	32	2.3361989570655917
30	33	2.7391623429001806
30	34	2.960618978570892
30	35	2.767216466948502
30	36	3.129298386550921
30	37	3.060940386418905
30	38	2.9458616283378483
30	39	3.631951447586165
30	40	2.781778365303136
30	41	2.2305601063052496
30	42	2.0462792846833295
30	43	2.4258308669068835
30	44	2.0200109925931224
30	45	2.302073291032826
30	46	2.164763857540637
30	47	2.5070144627019606
30	48	2.5889716628124715
30	49	2.1403412281784746
30	50	2.268756792105717
31	1	1.1588877779077658
31	2	1.3157055901118362
31	3	0.6654115591943062
31	4	0.9259658082743405
31	5	1.742482683273625
31	6	1.113564287864163
31	7	0.7348757839806646
31	8	1.8282742519411386
31	9	1.1104826493859172
31	10	1.0609690485527015
31	11	1.3365457070795062
31	12	1.6164779157665907
31	13	1.527015341208359
31	14	0.5932984857288255
31	15	1.1969864952080624
31	16	1.020717111268302
31	17	1.5314750817345386
31	18	0.6500065349354496
31	19	1.480702324621093
31	20	1.320758114202917
31	21	2.1324692634723514
31	22	3.5561623904804764
31	23	2.091844088193776
31	24	2.9978900278995044
31	25	2.248735636392335
31	26	1.9814236949332416
31	27	2.9620358942282543
31	28	3.29298872140344
31	29	2.8716309580958406
31	30	3.3657517901554765
31	31	3.8184955285932283
31	32	2.419748946395979
31	33	2.655467405902691
31	34	3.3871358805779117
31	35	2.568239369807266
31	36	3.5818356759538013
31	37	3.32904814671356
31	38	3.3947669021116402
31	39	3.184680131266234
31	40	2.9825630640842355
31	41	2.6439072909063666
31	42	2.3718304655280495
31	43	2.8508356713440124
31	44	2.4158991949879427
31	45	2.5703929912698427
31	46	2.487763555332576
31	47	2.8017447444969665
31	48	2.8327079669749184
31	49	2.460281163056541
31	50	2.702554400077558
32	1	1.8155502151227432
32	2	1.6054605432233795
32	3	1.4341820585911593
32	4	1.436792919583131
32	5	1.6737212882592938
32	6	1.00297577570394
32	7	1.6962148711371539
32	8	1.8807390567357427
32	9	2.224425697214183
32	10	1.1459026325503858
32	11	1.6179852793914433
32	12	1.4175057038946304
32	13	2.5314629223137994
32	14	1.587108173576699
32	15	1.126725690848967
32	16	2.023667428165543
32	17	1.269774387701153
32	18	1.5508522149231512
32	19	1.376717214235379
32	20	1.0141624707193655
32	21	2.8511897187923596
32	22	2.2057148184865865
32	23	3.0685946609565913
32	24	3.239114833263865
32	25	3.4860374586496294
32	26	3.20777672641184
32	27	3.2556898468223174
32	28	1.9198072510968984
32	29	2.9448332990501496
32	30	2.3361989570655917
32	31	2.419748946395979
32	32	3.8184955285932283
32	33	3.247881575718245
32	34	2.181850970585036
32	35	2.956315918648612
32	36	2.3944371143889835
32	37	1.9493084782016408
32	38	2.2940697314581
32	39	2.2196409936869985
32	40	1.6009511301017794
32	41	2.514699572126111
32	42	2.8807995756649376
32	43	2.511974036453573
32	44	2.5217619315564406
32	45	3.1891043617855517
32	46	2.9404379997044185
32	47	3.0943210199015168
32	48	3.232062053656438
32	49	2.944319417887084
32	50	2.3806257933595814
33	1	1.2843725153134717
33	2	1.1488669040375923
33	3	0.880219654423883
33	4	0.9254789243189454
33	5	1.3210618144403057
33	6	0.6384520321444325
33	7	1.1271255167907124
33	8	1.5019675332230746
33	9	1.6547739974613922
33	10	0.7293597455246945
33	11	1.1639141156983537
33	12	1.0941995944401404
33	13	1.9652475258031397
33	14	1.016738497532582
33	15	0.7537349506830084
33	16	1.4539849390542678
33	17	0.9609123057137312
33	18	0.984671182552312
33	19	1.0221680208711739
33	20	0.7114268327557491
33	21	3.2250391911749623
33	22	2.400267020874492
33	23	3.2535610511698865
33	24	3.3186404643555103
33	25	3.316966604519049
33	26	3.1123106272809293
33	27	3.1974600385360663
33	28	2.130304702272018
33	29	3.4779397201227313
33	30	2.7391623429001806
33	31	2.655467405902691
33	32	3.247881575718245
33	33	3.8184955285932283
33	34	2.2999468336610587
33	35	3.5128635989678543
33	36	2.5378961892947194
33	37	2.1672905180943838
33	38	2.3819803172503704
33	39	2.6691330318198343
33	40	1.8253116394576907
33	41	2.2597242281226393
33	42	2.453652203570864
33	43	2.337987959078045
33	44	2.1819740849507028
33	45	2.791852247080694
33	46	2.545815767139456
33	47	2.830318948829835
33	48	2.9980713496199543
33	49	2.538265826927118
33	50	2.1760346442968745
34	1	1.2828862261023848
34	2	1.5375951218181791
