	1	2	3	4	5	6	7	8	9	10	11	12	13	14	15	16	17	18	19	20	21	22	23	24	25	26	27	28	29	30	31	32	33	34	35	36	37	38	39	40	41	42	43	44	45	46	47	48	49	50	51	52	53	54	55	56	57	58	59	60	61	62	63	64	65	66	67	68	69	70	71	72	73	74	75	76	77	78	79	80	81	82	83	84	85	86	87	88	89	90	91	92	93	94	95	96	97	98	99	100
1	3.938891636607192	3.008821626930727	1.9447291443600112	2.7352881721070332	3.7188957369557336	2.913606625075775	3.2499544912979212	3.7045055527461472	3.4586566230835176	3.5789758742620643	2.638472992063213	3.335791956269423	2.8752364707686207	2.9622385721615316	2.729635264437591	2.7868476591908253	2.6856216753389868	2.7694661872515205	2.4334378205002296	1.930549144991451	2.588241707288125	2.4507041041995725	2.7396877570665303	3.5446663690330684	2.9705239793848452	3.619389912077716	1.7837155844043764	1.7341447894966118	2.2354001196036606	2.769319020637534	3.8212702347827925	3.3706606842225315	3.5973671639802447	3.623638437694148	1.9142404629494405	2.3133063915290686	2.1182801239040048	2.2820067451897224	3.1810190996633287	1.8708884043727645	1.1791245868058597	0.5166857705010979	0.9506265011597823	1.0581565607773635	0.8228882828639841	0.909449434993999	1.6946299337230566	0.31596705311248474	0.25923729285577446	0.09753590017627767	0.8435207312125184	0.9867465451691158	1.4087103012492848	0.9599534253937758	0.4491393820170022	1.1541721719841576	1.0058286144063704	1.6046466873230805	1.6172552878642326	0.6768165679742912	0.5379528323391853	0.8936180517856465	1.0509372407890645	1.0218607281017418	1.0629111069640307	1.593478504629132	1.2783813058016826	1.336921766354144	0.7528033546139583	1.4063928265895065	0.5280542222993088	1.1921739172697023	0.9241376635485294	0.19441275136597547	0.9192278127899276	0.5854471775333545	0.5606971961588774	1.5660753665875191	0.2473766652899565	0.8440851712942776	1.92928631865585	2.0568495665199817	2.3368409393208838	2.3621711874852585	1.830188959499472	1.6645675049383963	2.2181500110119874	1.5341174590954676	2.362145328017983	1.7687041962819325	2.5548837652361867	1.7162201746507249	1.5934978765027688	2.1531026158161826	1.6068272407784132	2.2774662004939747	2.238942192152246	1.7089818453395509	1.8595856026145872	2.2447854770647124
2	3.008821626930727	3.938891636607192	1.900580854787198	2.670281305896498	3.0136910800020758	3.5068352438091566	3.659841040751145	2.8244305058292705	3.3171861183683573	3.0675651748471586	2.704177073155486	3.1784927785128616	2.4692268964101887	2.905429587681169	2.7876934370822877	2.90755920884787	2.571085780528381	2.9421096112495864	2.1338550644071437	1.8465208860297224	2.6808788320939727	2.6225703621844003	3.1249781309852875	3.398061065192098	2.517106024528001	2.798071967201384	1.9518417434882904	1.8478618565561398	2.413015810042256	2.709825970788356	2.941372138508294	3.2893839186292784	2.902170530866692	2.8161830923982567	2.1863768531556693	2.1730524296925697	2.457879779806178	2.674863182729367	3.291977176314634	2.2721804807872568	2.1068822543159	1.4464245432255551	1.8803548298311448	1.9262282410604898	1.7529565385714543	1.6619132440375952	2.6135213309266963	1.0932431622213352	1.0354758723831505	0.918206172868103	1.7539286543234502	1.8920660482682399	2.338773473374688	1.6937813876334387	1.2178920719713986	1.9911607996177139	1.9268728562440325	2.5263985084807716	2.546582679880525	1.6067623131223816	1.341741980719663	1.6649167474649875	1.887404911402212	1.8812656954387181	1.9786934710890511	2.492949664861439	2.2070073664941177	2.263665900163584	1.6814994441140811	2.3342223563218685	1.4197146858445384	2.1219140295240493	1.636677133610188	0.9802205687084391	1.8426548394946098	1.3579473679056475	1.4829405392793986	2.4958920834436107	1.111894332911782	1.7652298388847778	2.840694118603026	2.698802777534946	3.243079718770978	3.0396658153735325	2.721772247403876	2.4343536915645876	3.0688131118777875	2.3059878473079753	3.0483373961118523	2.6058727995714666	3.242864696114746	2.3930806749651823	2.396699671759684	2.9973829544912736	2.3558291779065677	2.9418959059643845	3.1334491618119906	2.5130970169458835	2.5025391242620003	2.8162003981607917
3	1.9447291443600112	1.900580854787198	3.938891636607192	3.121670269598437	1.7352632792464586	2.31171119418268	2.073859353465738	2.057324753284868	1.687151353848252	2.2981064200118415	3.133858293322618	2.4704384104046397	2.9297183402241753	2.8680159176310442	3.0456547727023895	2.930227489235805	3.192263242718929	2.897252056657877	3.3071621347017337	3.8447475724633358	3.1584590945542406	3.1899557720019867	2.6823717569296024	2.026715064224893	2.828036589709882	2.156681179074173	3.468114916600375	3.5605156216017204	3.3401425522163852	3.082244175421539	2.0294362115470426	1.587328355052902	2.263715887214767	2.170536027819379	3.2576306028984936	3.5562225284551765	3.0885054190249357	2.936634303947328	2.4907032046483506	2.9796189164298363	0.9494341803904747	0.35343106063349294	0.7083806534125432	1.318732420932002	0.5677436768165571	1.6568276235478994	1.0386632513558514	1.1329554418622338	1.0912958610817967	0.7950479678268758	0.2798059557649779	1.050037453197398	1.0269621912943387	1.7489809308567699	1.2663816102718255	1.5202503004863326	0.5110421169389157	0.9961714610686245	1.2239169474737328	0.4196309024459137	1.2107104943583398	1.5846719516165049	1.4536445325223357	1.3344750424926528	1.019674496584444	0.8385209951713022	1.0023638779736057	0.8533364928049076	0.5913866750427554	0.9271730810033358	0.7919677109974552	0.8202515849156962	1.7885183552212585	1.0056855058140122	0.46732721885192596	1.3578017257094404	0.1481190054067203	1.166656040841854	0.7201789341195601	0.795739843420431	1.6175434955129568	2.471525494359444	1.83017853663215	2.3986407004356267	1.6759556927655423	2.0356226076516104	1.9887469604538266	1.968398442589064	2.3819932168735543	1.8664998032616071	2.3492618291828316	2.3102919774620507	1.8981675099535438	1.989465506466304	2.0710158836329047	2.4298985660549874	1.8449772837776646	1.9496932337446182	2.4361298096828934	2.614894806009593
4	2.7352881721070332	2.670281305896498	3.121670269598437	3.938891636607192	2.534829123524263	3.039720939032142	2.8737718821583487	2.810306822313123	2.504348803289921	3.09480950424054	3.7597423212280825	3.2870962947038924	3.465110993225051	3.684502062500051	3.767993371081576	3.6584553633371932	3.8339319913372316	3.5990425024059203	3.36423929979159	3.0868762989148264	3.711517122181458	3.55911960679368	3.336989557714664	2.8439364209987446	3.410597202815251	2.8980760379484756	2.9786274023409987	2.93739521011207	3.394196948872912	3.89844722473657	2.8066142325691947	2.4045217597014417	3.0271570271855093	2.9157748346704957	3.056979037045446	3.439740992724058	3.1738843632748845	3.226683626568607	3.2960986856261725	2.9215496677539674	1.3666392160797978	0.7153555672859859	1.1171154816894373	1.5523905585262274	0.9746233811398586	1.671655808798708	1.6137054245372298	1.0825095182231106	1.0312203674446816	0.7916822694154635	0.7868503394889297	1.3536878466331226	1.506441528445388	1.7476498416142046	1.2218595982814207	1.7192230431612852	1.0035371234677135	1.552979578252799	1.7214036447058918	0.8207573853198293	1.2381210118877184	1.6245431421626524	1.6298694260771036	1.545072401480248	1.366347481031113	1.4334158561068517	1.440675112042439	1.3589608308144872	0.9628791220931658	1.4355277667962976	0.9936117646926594	1.2837962532470852	1.7482495751721352	0.9529020227164207	0.9426702646245171	1.3414522805356985	0.5967176358221153	1.6621239887172066	0.8225976797619765	1.131791712950402	2.1204808135163313	2.7732463714650177	2.4304654684337947	2.8883881857913516	2.1230258673813287	2.2846959775169404	2.509470756244734	2.176435876096612	2.8754484006384806	2.2268250522131114	2.939388485205826	2.477102868044332	2.163553827304268	2.4830779194945505	2.275964402425352	2.8680245624878338	2.4072176548425364	2.2529036905335595	2.6347081205480682	2.982615317765722
5	3.7188957369557336	3.0136910800020758	1.7352632792464586	2.534829123524263	3.938891636607192	2.8296525594053463	3.2084129465555504	3.511278943948697	3.5807618659664495	3.3759450376489424	2.449713136133239	3.161345844617647	2.655547854881582	2.7706654351910274	2.542801181276337	2.6104445023138	2.4794268147029594	2.5996556695622006	2.2143174583136704	1.7183203725782406	2.4013126941376246	2.270131044077038	2.6024876249433744	3.4912439046074963	2.7505607529249403	3.41291656131486	1.5923881746677662	1.5365956743549165	2.0511049126688903	2.5703428937021036	3.6079700185391603	3.5202089476446403	3.3773739221812864	3.4133830447845033	1.7372381132323365	2.1003407516532855	1.9540806299166529	2.129602858128581	3.0352540970056534	1.7123876601726247	1.188691833124071	0.5355732961012918	0.9685497853207181	1.0143456944292195	0.8457268431124563	0.8190387369077268	1.74083173853766	0.2315924319088345	0.17433921782399997	0.029214295698582582	0.9041180635495918	0.9673979585593626	1.4294419961729696	0.8640851659326834	0.3622435525364067	1.09572823901326	1.0537024383982772	1.647988196368324	1.6309941478459051	0.7033893186075781	0.46392764288733046	0.8092487564084605	0.9918958511958649	0.9734549212967036	1.0536843112824705	1.6577142766531043	1.2903685020320497	1.3734468095585166	0.7661173459052621	1.4399134946081733	0.4978479511338354	1.2190816332520193	0.8219190158959022	0.11273992068002592	0.9639137630914121	0.5002806830996671	0.6085981251052943	1.582842361899476	0.20015692921048656	0.8417132190597103	1.915797641097821	1.9476665796412194	2.3202309634529517	2.267822470808097	1.8020994271132542	1.584448714561475	2.172419119696926	1.45360853424461	2.2698723751885286	1.713461397134871	2.469074885899068	1.6106244582945544	1.5240541008098685	2.104076184517333	1.5198101002812376	2.177935614414035	2.2143927312176017	1.6407267495230786	1.7475971940609067	2.124175760917189
6	2.913606625075775	3.5068352438091566	2.31171119418268	3.039720939032142	2.8296525594053463	3.938891636607192	3.538438590990819	2.8024104049719627	3.0304537206329933	3.1300034462422217	3.105468464944482	3.355798712293616	2.7430348246513763	3.2417909717932534	3.179809513293249	3.303365289310103	2.935630491520329	3.3476805637117346	2.4743947033439557	2.2519320212798197	3.089593849092928	3.046804909838695	3.5554642184522933	3.277271517609523	2.7654338540859267	2.8167046483757696	2.383338831865733	2.2773948407412625	2.8419288515130416	3.076525232880708	2.892437501163476	2.9659724074591125	2.9545058805773627	2.83824573998857	2.6176995894243005	2.5563273846247503	2.887260979114311	3.102130663271555	3.547296545236916	2.6919120817814877	2.09308855456214	1.4223385448922174	1.8490947349930655	2.0698557393869645	1.7113896160965036	1.92754161529313	2.464397216019994	1.3375957819236732	1.2805735175543713	1.12279974121746	1.6105470957917412	1.966354220476072	2.2832246792446735	1.9733214543846913	1.4694204389170933	2.176221938786804	1.8110810812452294	2.392345253845398	2.502275038271663	1.5586193004959568	1.5629811529245718	1.9155130341929922	2.0734594466031386	2.0377905627675936	2.0226364546198408	2.301169962162061	2.182844334211712	2.1650978571972193	1.6678175432563624	2.240861253052299	1.5275607705637402	2.0572819994533056	1.9304042498634977	1.2172389970665778	1.7385969906772551	1.606772634818277	1.3811961023759278	2.4447790873133473	1.2645747918889985	1.793439839100877	2.8721663316584607	3.0483610090093776	3.25553214716167	3.3765001053716377	2.809338757001516	2.6887799197344346	3.2166148089701467	2.5580957901579002	3.3789951794133506	2.7863009722556717	3.5778415248641293	2.7163753044641905	2.6185128466466256	3.158604432552431	2.6276976667914567	3.284675931660638	3.1902141693496593	2.733660817578646	2.8472305338546704	3.203407901185555
7	3.2499544912979212	3.659841040751145	2.073859353465738	2.8737718821583487	3.2084129465555504	3.538438590990819	3.938891636607192	3.086593424175775	3.430571774733975	3.3461213642535492	2.875836757181084	3.443341903104203	2.7264597364422527	3.1223705469959935	2.966589024944366	3.076986251049164	2.7810661218520556	3.0980199153421855	2.3668567300902765	2.028508206144231	2.843565395676813	2.7582939292041173	3.2174572766341534	3.6428094940141778	2.7811309903438817	3.068854111824976	2.0673721407042853	1.9774697963611554	2.538259255843774	2.914176516990578	3.1978101089880764	3.3617510131131927	3.178737521829188	3.0877666110120074	2.2740323767315074	2.3752503761163095	2.5298121745789426	2.7347742081487634	3.5163235053720028	2.3158038710023456	1.8616617902702655	1.1955781796370393	1.6291038197545364	1.7396602252444042	1.4984988245528865	1.543192026481349	2.3413019147472056	0.9591201739734174	0.9017207569066437	0.7596910875416412	1.47983506554985	1.6755667304488604	2.083629878166593	1.5848365545000385	1.0886814292861118	1.825632122151502	1.6572240981979376	2.2560530983181097	2.2959818500106297	1.3501664196977567	1.1939159948909497	1.536234097291599	1.7218541893352217	1.7006472602115221	1.7514100762793716	2.215496214391214	1.9594023283788595	1.9984104892769952	1.4343427400546793	2.0703791677120975	1.214817517228831	1.86334044838744	1.5380096128488625	0.8412174522427285	1.5748119869505128	1.2272850942178253	1.2146451583256117	2.2430425724346623	0.9265071587757263	1.5314479882129062	2.6178101869223998	2.648787990316145	3.025316729784838	2.981250773722471	2.51824207062075	2.3118677484070966	2.899865566127235	2.1811337843693916	2.9853077243044037	2.4431302632093823	3.187381323610645	2.319606300084035	2.254228368126107	2.832587079370796	2.2441774377290473	2.8872313632199726	2.927783819334606	2.3709752934607	2.4476908129595714	2.8043315610028268
8	3.7045055527461472	2.8244305058292705	2.057324753284868	2.810306822313123	3.511278943948697	2.8024104049719627	3.086593424175775	3.938891636607192	3.224852717787858	3.589861370238945	2.687334972695012	3.318799157104592	3.0328481617417133	3.007470217017949	2.771978345958276	2.806291577335552	2.778479502558583	2.7772454806794906	2.5888807207507893	2.052929630736055	2.634260492533164	2.486451510088865	2.6972354150192253	3.363726351942175	3.133759212610004	3.8325326080416815	1.8500703695948801	1.815171037073839	2.282079853022215	2.839481365169106	3.8137876597046985	3.136309228399042	3.720965996533905	3.8239030251936197	1.9505614772045539	2.4353724105690566	2.1296460263980537	2.2720598566452717	3.1300607826795837	1.8758688989389238	1.0105407727424822	0.3435464322073716	0.7769439511975924	0.9334192699581263	0.6462037865160499	0.8321807787819537	1.5001536853747015	0.23455511607059076	0.17858612758874592	0.0	0.6434196295759183	0.8411884337384894	1.231412805051519	0.8885338286917475	0.36998962894326226	1.0426335532379323	0.8126596261156669	1.412218695794543	1.4437429272469622	0.49799468389851675	0.44477726235741244	0.8098336106870603	0.9405112714957853	0.901510276400904	0.9089148203997395	1.3894846230252655	1.107672439611509	1.1496570303636502	0.582978892569658	1.2207558141481631	0.3933434683226831	1.0115924025060972	0.8601919868837746	0.11049873945435396	0.7281944305599479	0.5038862122936414	0.3685188559132411	1.3907449516064339	0.12885355571511958	0.6855906050086618	1.773626600913369	1.9919900534322201	2.179484956804372	2.2757920022964537	1.687012083427113	1.571347751408834	2.086131216510429	1.4423461860608486	2.2734979980779513	1.6499717082695708	2.4556415988140854	1.650801661493424	1.489927950192751	2.024804975288105	1.5214206502517196	2.198264249667446	2.088941305219106	1.6032971205016535	1.8003839723705273	2.1912795569649055
9	3.4586566230835176	3.3171861183683573	1.687151353848252	2.504348803289921	3.5807618659664495	3.0304537206329933	3.430571774733975	3.224852717787858	3.938891636607192	3.2602917353098353	2.460413245168751	3.1548724202109053	2.5077521019831632	2.7572958488301245	2.5552223791952193	2.647670926250244	2.428921934594811	2.6536900961424736	2.087571572066192	1.6558343761336358	2.4191875638429177	2.310218381678151	2.7261302625124086	3.5990822254095987	2.5900259549528775	3.148928665987916	1.616221913185457	1.5404864362567423	2.08703552228802	2.543601725334635	3.34703243740478	3.8348212286657657	3.1755037409699494	3.1576686798867426	1.7996653845467678	2.027049923623683	2.043529815177167	2.240676771656215	3.107142076366155	1.819612654372377	1.5225408046794997	0.8763706686486961	1.3079656383186316	1.3050301061269818	1.1880284109804453	1.0555473607878185	2.091542325017725	0.47949825364975585	0.421822773751543	0.2977293800071763	1.2600035902539735	1.2809037993290238	1.7691439712403056	1.0926378438949986	0.606205550369149	1.3702250923763701	1.406130811632012	1.9978296352128435	1.9657531897930514	1.0477894602062214	0.7237850853635184	1.0539653356276708	1.2664014351870407	1.2596351075007641	1.3749173235116259	2.0137609385602717	1.6253881809896873	1.7211160809102126	1.1033705771383784	1.7860955088170631	0.8037686802734925	1.5626401540836112	1.0415645180886863	0.36465079548728463	1.3153923891604848	0.7458045158938069	0.961464208514061	1.919675338253874	0.49095021015673534	1.16869740501962	2.2282848507559034	2.1426640169796745	2.6247066051718	2.4781885312748146	2.1023904086831204	1.827830811586233	2.449205617015153	1.6979718861328124	2.483300671883071	1.9861062038735233	2.685652972776608	1.8170380512522066	1.7818465408902862	2.37832357324935	1.7546188708211443	2.382831189439454	2.512933582075137	1.8986787644893544	1.941767764616181	2.2960371890034175
10	3.5789758742620643	3.0675651748471586	2.2981064200118415	3.09480950424054	3.3759450376489424	3.1300034462422217	3.3461213642535492	3.589861370238945	3.2602917353098353	3.938891636607192	2.9967442449547024	3.667488647999261	3.184690686003597	3.3208827879580856	3.0868660728862074	3.136861231050813	3.0422369187253038	3.113781069483387	2.7557984146894237	2.2799813789927343	2.9458573763845246	2.8053741114143094	3.0461966101202806	3.546672034889694	3.2686015519892293	3.6240819500863366	2.1432708385191686	2.0939479666896723	2.5924583493540734	3.1291225118205768	3.6355529485347122	3.156557388772543	3.7622998541603394	3.6459434133920787	2.26804842550954	2.6610967191927086	2.4623258310824614	2.613984174294579	3.4775625374275663	2.211132744450487	1.3041508382404214	0.6339369001995627	1.0652248030011324	1.2646629439584074	0.9310554719762996	1.1799840769845598	1.7521505700170308	0.5819630569850975	0.5261301339860975	0.3439171074186964	0.8897270793698748	1.158227782344409	1.5128077295310796	1.2369963261009644	0.7176953319677728	1.3803950684875534	1.0713960816731647	1.6686663981993566	1.7289350532828114	0.7804668958510663	0.7896255383320856	1.1565755792044268	1.278924268414761	1.2352363627982177	1.2183406783853994	1.6228729135996307	1.3982796793762953	1.416648178305528	0.8766880442688683	1.4899270633198558	0.7194034045559459	1.2895180638000756	1.2091404871330549	0.4575287418524483	0.99104908509775	0.8511714110894397	0.6308231631173582	1.6738659781571066	0.4645825054462174	0.9913519794923364	2.0772021186805993	2.340570868363981	2.4774233626966975	2.6197990196852863	2.0027118732148597	1.915014852934727	2.4080193044758316	1.7866324157780782	2.6168172334313975	1.982668061680698	2.793985407612032	1.9995081202733713	1.8301752312825283	2.3497806453443735	1.8672312173430132	2.544359458574394	2.3954786453136876	1.9424319508714343	2.1493608197352367	2.5403073162873127
11	2.638472992063213	2.704177073155486	3.133858293322618	3.7597423212280825	2.449713136133239	3.105468464944482	2.875836757181084	2.687334972695012	2.460413245168751	2.9967442449547024	3.938891636607192	3.224019334506798	3.2859753195189074	3.6147133814667995	3.8439534045606547	3.7352030283797455	3.6848355393525107	3.6966575872695695	3.235226881533424	3.081161341355506	3.884589063023669	3.7288870794436155	3.4494855150266446	2.7985258515745812	3.2331762510414346	2.7679298920320425	3.081449838280523	3.0175164970077097	3.533241616238762	3.7573060130586904	2.698032285925681	2.3646549925434917	2.9052058418325144	2.7870068192578272	3.201331447948609	3.3828879750000307	3.3452478030780015	3.405717852349756	3.2852740866472145	3.0902675210413837	1.5142897816292118	0.8689672491006863	1.265121528929054	1.7224948125589497	1.1224235913521605	1.8507822489255736	1.7291976070820998	1.2615859933928877	1.2102400218314036	0.9706500592127969	0.9155455520243674	1.516504518596491	1.6435949946410067	1.9267870159927107	1.4009348095857526	1.8923981445184168	1.1359902336985304	1.6729730889734862	1.8560399782314287	0.9689658763776334	1.4169225580464109	1.8034460873853746	1.8041290717955656	1.716874884853056	1.524147513985664	1.5425139153877443	1.5851302927936493	1.4900391203575118	1.1159010892870183	1.5663614909284012	1.1645445932157323	1.423008827959852	1.927053631908247	1.1319957070630613	1.0783497238897675	1.520601594440993	0.7363567078068689	1.7968459610792946	0.9988671426378475	1.2900505100504516	2.25673897764831	2.9461165746401594	2.5445255842542194	3.037793317322116	2.2701968648029673	2.4571659734745817	2.6457846464428307	2.350965088570822	3.0238103556376625	2.3879195136269535	3.064339130845078	2.654921352862368	2.3339909554888116	2.6250022000672733	2.451172425649688	3.0264196948448245	2.531993185075695	2.4205669195081096	2.8122061659782847	3.1527700507672067
12	3.335791956269423	3.1784927785128616	2.4704384104046397	3.2870962947038924	3.161345844617647	3.355798712293616	3.443341903104203	3.318799157104592	3.1548724202109053	3.667488647999261	3.224019334506798	3.938891636607192	3.2213109527998562	3.537260014306689	3.318135706717596	3.387366675614456	3.212838493041934	3.3724670404224737	2.843487291367789	2.439842746814125	3.1771296789344703	3.0476515945748806	3.3172333174032724	3.4932178993910754	3.276208483606488	3.362723219209484	2.3670268130908374	2.3047240128533946	2.828429404046152	3.3257906982262115	3.370289276361814	3.053853957369731	3.5106395500054166	3.3847911460982947	2.513714484545098	2.8094189552129922	2.721349911911651	2.881023229418514	3.7373483298586123	2.4731968741476464	1.5104836844427818	0.8396118400162802	1.2672373017205034	1.5114691074234083	1.130210886594798	1.4477422716466526	1.913182749624728	0.8492041457037707	0.7935921418760019	0.6064734428776233	1.051945292017431	1.389618295235484	1.7054647608860378	1.5059540972529644	0.9853829236645897	1.634656338186991	1.2444002546979922	1.834970747963336	1.9239449015554069	0.9778660120584481	1.053211157317112	1.4226656136939777	1.5341055004155968	1.4849459591926362	1.4414596324771205	1.7671426626246949	1.6010508545307145	1.5954988520080517	1.0848646828207462	1.6704155042739317	0.9613811552962539	1.4800574455099693	1.479329371055785	0.7242238013977023	1.1684591314041746	1.1181693995044126	0.8093903043471893	1.8671480391035273	0.7174568007654032	1.2113907698075241	2.2892057067983638	2.6095128724908134	2.67803514639754	2.8799740805766776	2.229094595057882	2.176168423472479	2.638776176181265	2.048805648401472	2.875885727251495	2.2293920791010002	3.0440902155402894	2.2688780308190184	2.0868475748382638	2.584928652879931	2.131542203649141	2.8082508115484086	2.607536117594634	2.1974334719474897	2.4195835176181193	2.810860941751803
13	2.8752364707686207	2.4692268964101887	2.9297183402241753	3.465110993225051	2.655547854881582	2.7430348246513763	2.7264597364422527	3.0328481617417133	2.5077521019831632	3.184690686003597	3.2859753195189074	3.2213109527998562	3.938891636607192	3.4185487816620697	3.3118663732927	3.239590562012344	3.517437746926933	3.1784490632925704	3.4945562740038185	2.940010128941872	3.239203870732984	3.092076689064053	2.937886032246192	2.818785417132263	3.83572101006708	3.137737290502157	2.6291182781235545	2.6319972487087435	2.963487520975618	3.460707838667797	2.978206795024086	2.4037429918227984	3.215719844987201	3.1477864798427424	2.6355332590855456	3.3119229697076467	2.711072514005337	2.7529418353755437	3.1057003736611364	2.464941396982044	0.9562435044731004	0.2948350486595621	0.7071997641146721	1.0954658399360362	0.5657716227003009	1.1978753066668983	1.269705231755497	0.6090889038185416	0.5579766711391745	0.3180775787112937	0.4209744848727657	0.9118597880680723	1.11724862721056	1.2739972772595176	0.7484396218148621	1.2560993977855794	0.6280041917203065	1.1999787367798045	1.335611626356909	0.41163324466982587	0.7647618032531356	1.1510158173768739	1.1647805693506372	1.0848295820374076	0.9347956809795774	1.1055969426387038	1.036564505267373	0.9839053255388945	0.5428363229320934	1.060364600187627	0.5357974730136474	0.891801476332168	1.2755349121542325	0.47942676584036015	0.5603981882218494	0.8677144073235827	0.20737126763426517	1.276714854701536	0.35406396277436336	0.7000739893684904	1.7269175977045905	2.30836662810062	2.0746113303285254	2.458591661283347	1.7081049381030509	1.8218871566181472	2.1096729512370285	1.7102113088052122	2.4475697772161036	1.7847544741305374	2.5472278542081375	2.005102810137319	1.7046696929557146	2.073479162106443	1.8084246279622338	2.4245772050344603	2.031174457481465	1.7987315178276408	2.1630964216049566	2.5206150948241564
14	2.9622385721615316	2.905429587681169	2.8680159176310442	3.684502062500051	2.7706654351910274	3.2417909717932534	3.1223705469959935	3.007470217017949	2.7572958488301245	3.3208827879580856	3.6147133814667995	3.537260014306689	3.4185487816620697	3.938891636607192	3.7030843412782386	3.716766966356207	3.597332710608325	3.6667937909903783	3.164117220804311	2.8325177932590004	3.563303017540416	3.4178684062483655	3.45439308189224	3.0970775145099436	3.412738614274645	3.0837793632983526	2.7597656603584597	2.7037649767339174	3.209720713666023	3.7244544302233633	3.0219240368083633	2.658012005476785	3.224745387694641	3.1036072714896417	2.8814050022686044	3.190508384445864	3.0536642786203716	3.168386657352957	3.544500919529132	2.797540211850305	1.4763545664368651	0.8140371070773664	1.227393317785109	1.593744326963456	1.0860346411118709	1.6383983720916477	1.7789464620705604	1.0413755249234735	0.9879764622414546	0.7694566914718091	0.935743319098195	1.4232470290245303	1.6368574945967511	1.707312202523453	1.180120864657325	1.7446755247440895	1.1451678665668212	1.712002478683662	1.854965663506977	0.9319025065349225	1.2183831089779815	1.600358090964905	1.6499285234545473	1.5787295965736368	1.4507973130529024	1.6084548764121194	1.5569017537598837	1.501250964846926	1.0620135634483705	1.577799876604717	1.0343930506038355	1.4115905599285101	1.695961031563196	0.9130994749408501	1.0787679565290396	1.3060867945644787	0.726629734977029	1.7959811476958731	0.8334089990130789	1.2162663843010297	2.2471415652775812	2.7844531599568816	2.5894722924272613	2.9701973242945634	2.2272543161503613	2.307801603426405	2.6299152228547724	2.189801027969211	2.960192159784644	2.2936722994658387	3.067450123037823	2.460975317921511	2.1977439095624485	2.5929049075280766	2.283844341103012	2.9277716747148186	2.5500084981224758	2.297186936746077	2.6189543962414197	2.9985723945787637
15	2.729635264437591	2.7876934370822877	3.0456547727023895	3.767993371081576	2.542801181276337	3.179809513293249	2.966589024944366	2.771978345958276	2.5552223791952193	3.0868660728862074	3.8439534045606547	3.318135706717596	3.3118663732927	3.7030843412782386	3.938891636607192	3.8152117112266892	3.668664139064755	3.7629000117937847	3.2001550330378694	2.9965016554268873	3.7973187992754966	3.65307824003195	3.502048409948146	2.893433425833136	3.2714673414317867	2.849806548721779	2.987754119311914	2.9225972170889296	3.444467068502964	3.7870984524872946	2.786667744878032	2.4592925779857304	2.9894846629981595	2.8693395912483073	3.1171983296109493	3.315369484445026	3.280429552265094	3.3690236691530644	3.378809903868911	3.023936730431277	1.5374272747200024	0.8862128720381177	1.287914250132225	1.7180099970956824	1.1454045129415107	1.8171633967098457	1.7767546354639063	1.2243400734370153	1.172170479826085	0.9402281703629711	0.9540757223345877	1.5230018043220288	1.67584873694032	1.8905782003877412	1.363585350467718	1.881928063434359	1.1718029974811444	1.7176385330560588	1.890332495199726	0.991558048181918	1.3878869571338628	1.7732361892336903	1.7912834888198041	1.7092758629292923	1.5367859270831943	1.5938375822411963	1.6111978286560538	1.5269458795601407	1.1337532182031236	1.6034671845877093	1.158761334005455	1.4535517203709962	1.8863199116832265	1.095140441881619	1.1116813586417758	1.485760410941308	0.7664736306552773	1.8310567483685825	0.9810892231789894	1.3021817456985656	2.2898692554275506	2.9350770504960764	2.593526706660126	3.0592725347010834	2.2938352376342195	2.4477404490401655	2.679040942169865	2.337063519033035	3.0463464840344097	2.3964042080708436	3.1067694536083708	2.6302576855600988	2.3285783204481407	2.6534950693406465	2.4354409449923544	3.037869267618483	2.573892486393235	2.4197665407334874	2.7885535839009283	3.1465581822989255
16	2.7868476591908253	2.90755920884787	2.930227489235805	3.6584553633371932	2.6104445023138	3.303365289310103	3.076986251049164	2.806291577335552	2.647670926250244	3.136861231050813	3.7352030283797455	3.387366675614456	3.239590562012344	3.716766966356207	3.8152117112266892	3.938891636607192	3.5544000067948436	3.8768184564278965	3.0841334478821296	2.877844859920104	3.70537229375953	3.5972894014584544	3.616991912815211	2.982601289522062	3.2143659883206395	2.8758613507944144	2.9066713906873645	2.8303992880878663	3.375210280088392	3.68779473294375	2.8336261879971345	2.5542578060743795	3.0208042797052705	2.8964343256664877	3.0652353117863163	3.191723660556194	3.2622256435947765	3.3895838822413937	3.47854658456618	3.008158160063073	1.6389167884001021	0.9834795191987595	1.3893641901360874	1.793783713322127	1.2471152091393574	1.8583680127489517	1.8939986685263146	1.261972135135239	1.2087730042584064	0.9872341188968026	1.0667130541234147	1.6100527509864921	1.7839696075575353	1.9281328915182812	1.4008333076387474	1.9509026133823175	1.2826479275005456	1.833415335444991	1.9996434712707534	1.0930744379786717	1.4359604389968212	1.8189824458314408	1.8578293004744713	1.7817620715667863	1.6294573827897025	1.7129185075835478	1.714880318179734	1.638278079423349	1.2313341461249117	1.7148726526826397	1.234049635227537	1.5606599987988168	1.9177018774080028	1.1335033574953561	1.2209329544843204	1.526127741591567	0.8737003606094245	1.9403724874893535	1.0433918479842554	1.3946764663898752	2.3978382625457177	2.9978813419535393	2.7108067675422407	3.1546052339864668	2.394572667022116	2.515938994788862	2.7862006054812585	2.4007002494870995	3.142756488334036	2.4834036671404354	3.2186435570087943	2.679380678516779	2.401683097199109	2.7571109484436422	2.4965082026873615	3.1238222367562547	2.6871721763590912	2.4973855243612144	2.83766893354548	3.2119512445431435
17	2.6856216753389868	2.571085780528381	3.192263242718929	3.8339319913372316	2.4794268147029594	2.935630491520329	2.7810661218520556	2.778479502558583	2.428921934594811	3.0422369187253038	3.6848355393525107	3.212838493041934	3.517437746926933	3.597332710608325	3.668664139064755	3.5544000067948436	3.938891636607192	3.495885019439778	3.4686235784508854	3.1656961141733975	3.6475680657299323	3.510037296645111	3.2337191533762253	2.7672887878107986	3.446638466760255	2.871386507898302	3.0016086799128137	2.9753098747277855	3.3805069385218487	3.797924669106895	2.7641276494150215	2.327809758485288	2.9922353708183707	2.887723876736702	3.047065619279315	3.5316944129404346	3.132144096185039	3.159639445514181	3.203525639259643	2.886286147633499	1.2689708203741223	0.6200201204415485	1.0195332936646637	1.4684636262052453	0.8769447422018048	1.6089574500912338	1.509516914192396	1.0237684902337207	0.9733013399123376	0.7270629259603547	0.6842302905801332	1.2635778142779244	1.4056739748205547	1.6871178220291774	1.163068483693983	1.6390012827036107	0.9016410698519599	1.4492371513600677	1.6201050009980231	0.723207844608114	1.1719890312594043	1.5590035813199994	1.5512679590069558	1.4630787909464038	1.273181975597761	1.3287548944041592	1.3419349731150905	1.2568533228214243	0.8673058451727251	1.3333882887401982	0.9106136504314013	1.183503608273904	1.6918749005833629	0.8939207797128583	0.8414567268625794	1.280243301146787	0.4964377379868168	1.560829253914903	0.747853442816814	1.0388475360589422	2.019680441227975	2.6924016198879333	2.326339979696856	2.792096885340265	2.0253933730804494	2.2034562599095784	2.4088833106455136	2.0981469575230562	2.778757413571866	2.135737905832743	2.8369732101476157	2.405809559922678	2.0799645202451917	2.3839483488210442	2.198783104418456	2.7757161207134553	2.3043550361939795	2.1666360293666083	2.562292724348863	2.8987171639084384
18	2.7694661872515205	2.9421096112495864	2.897252056657877	3.5990425024059203	2.5996556695622006	3.3476805637117346	3.0980199153421855	2.7772454806794906	2.6536900961424736	3.113781069483387	3.6966575872695695	3.3724670404224737	3.1784490632925704	3.6667937909903783	3.7629000117937847	3.8768184564278965	3.495885019439778	3.938891636607192	3.0258628345594913	2.84111399336956	3.677654639319284	3.5950272065335223	3.6767182294970606	2.9848960236604967	3.155230262879452	2.842849084115567	2.900530040284117	2.817181591710251	3.37202217772219	3.626916823548396	2.810621227429172	2.5624975392907743	2.9894512182307817	2.863792396628178	3.0749938421035754	3.143748201840144	3.287002736541546	3.429802324807922	3.4849395488958237	3.0361467303700165	1.700841015350846	1.0455470709070882	1.4512848706165347	1.8539943787415178	1.30901573675265	1.9104496152955788	1.95200823560639	1.313266455323903	1.259775021403874	1.0413015389177658	1.1266979626847071	1.671691625908183	1.8451092610442923	1.9790674613267683	1.451956102262944	2.009867495617704	1.3431606159434963	1.8921977987695704	2.0605584386598013	1.1549849076666385	1.4901831323150612	1.8723989049506526	1.9163360766631774	1.8414229140974192	1.6914525729572172	1.76968179394105	1.7766324848041393	1.6986763211105216	1.2933988247041088	1.7752547259350755	1.2942657049465	1.6219649197765182	1.9666892947912833	1.1850627583904254	1.2818207823606618	1.578131459732829	0.9349619560596176	2.0012823276701637	1.1011914811132368	1.4566699940668877	2.459052896745683	3.0546730213493865	2.7688513728828683	3.2166021017016573	2.456564620827818	2.574500723280024	2.847604993368659	2.4583429219186903	3.2047946151086975	2.544942886685865	3.2791381223541256	2.7330123314481574	2.461264976749554	2.8189401024656213	2.5534860353790565	3.184997469015836	2.747060765564271	2.5577009511200837	2.8910344561318304	3.26888371842428
19	2.4334378205002296	2.1338550644071437	3.3071621347017337	3.36423929979159	2.2143174583136704	2.4743947033439557	2.3668567300902765	2.5888807207507893	2.087571572066192	2.7557984146894237	3.235226881533424	2.843487291367789	3.4945562740038185	3.164117220804311	3.2001550330378694	3.0841334478821296	3.4686235784508854	3.0258628345594913	3.938891636607192	3.342127274146299	3.214622574563111	3.120813027686384	2.763803563275687	2.411829822120104	3.3939359675869643	2.6941094252411104	2.911717200365138	2.9557616500562083	3.097253033445472	3.3315232858494213	2.5346374548348374	1.9836408733482969	2.7726758033338124	2.703747776981908	2.8255182569774355	3.6411070442582094	2.802579523486255	2.7621806377860985	2.7797832615738782	2.5939582146984854	0.8113395917021902	0.16932087908403615	0.5623520227420209	1.0499800908969004	0.4196270685175043	1.2589874099217124	1.0392504123648219	0.692838444983146	0.6457145932295312	0.3769939979868746	0.21571105741226004	0.8270280969298263	0.9405963274841742	1.3437383367997122	0.8308631287948369	1.2311941066417416	0.43441024179538257	0.9791892986609159	1.1538340939990088	0.2663452010385403	0.8138488933265613	1.1998214974685437	1.1490885250867988	1.0506402470509673	0.8277481355539664	0.8588367840779756	0.8815615106559864	0.7891490403414716	0.41568636321481867	0.8656088740507366	0.49710924079731456	0.7195759431101147	1.3628404293005123	0.5630625813536434	0.3756314280242221	0.9384884614598223	0.03281289460434733	1.0945914505039616	0.3623491970037054	0.5944562397755582	1.5541753862094776	2.272960638865778	1.8560788187648711	2.3343924960060596	1.5668732861125063	1.7885322879217798	1.9434385683325675	1.692930762818095	2.320280311737115	1.6935794981122116	2.3681646088428687	2.0179158512143234	1.659157972734521	1.921459284384249	1.795912060494841	2.3268546868349906	1.8351948416574961	1.7375715025500793	2.1684218471955	2.4682795989122726
20	1.930549144991451	1.8465208860297224	3.8447475724633358	3.0868762989148264	1.7183203725782406	2.2519320212798197	2.028508206144231	2.052929630736055	1.6558343761336358	2.2799813789927343	3.081161341355506	2.439842746814125	2.940010128941872	2.8325177932590004	2.9965016554268873	2.877844859920104	3.1656961141733975	2.84111399336956	3.342127274146299	3.938891636607192	3.1011488975722465	3.119327703038693	2.61742898359394	1.9945454851025175	2.837179550950946	2.154102627717575	3.3792477296030348	3.4815904988258626	3.256667230927381	3.0467353462271243	2.019050071241338	1.5549593009417304	2.2553398009329744	2.1670277508730686	3.1634866798833325	3.5556515271241937	2.997976374276356	2.851694092373172	2.4482965296816444	2.885527174522606	0.8602925275435398	0.2618808332909559	0.618647244393276	1.225219806946678	0.4778100580197	1.5634133527514682	0.9585188653368357	1.0414697655272644	1.0001303685504137	0.7027153153159764	0.19420844649567126	0.9575434684346686	0.9407720868992548	1.6557144061331708	1.1745808144976575	1.4264614441865793	0.4248789460654572	0.9146248245622881	1.1390338997602427	0.32936759238317004	1.1174746265544084	1.4909962798525567	1.359642826352001	1.240702850035825	0.928225871486124	0.7596109882493387	0.9141711170378399	0.7683182295081528	0.5002862611771572	0.8424183677180479	0.6979473048773377	0.73297888664051	1.6959109816801354	0.9144094471724427	0.38023521112578207	1.2652397333654006	0.059503941349911216	1.0815560954571115	0.6262758363582996	0.7038072344417201	1.533862092152083	2.38216586836903	1.7540758617763128	2.317735164092451	1.5894408875563433	1.9432228656375343	1.9074350236365092	1.8751275105321725	2.301190124100079	1.7768648044440964	2.2750740228197257	2.2169592623301186	1.8058627959782774	1.9064870556944058	1.9778476847854167	2.346274330090727	1.7659409212025166	1.8584487691866252	2.3436949136629917	2.529313005566289
21	2.588241707288125	2.6808788320939727	3.1584590945542406	3.711517122181458	2.4013126941376246	3.089593849092928	2.843565395676813	2.634260492533164	2.4191875638429177	2.9458573763845246	3.884589063023669	3.1771296789344703	3.239203870732984	3.563303017540416	3.7973187992754966	3.70537229375953	3.6475680657299323	3.677654639319284	3.214622574563111	3.1011488975722465	3.938891636607192	3.7828114036745646	3.4464952762132266	2.756289963480266	3.1833318396642345	2.7142926891567054	3.128700417179413	3.0601598506633865	3.585306650130483	3.705120567185893	2.646335609929854	2.324401524743151	2.852073366750524	2.733450784848594	3.2548913911576185	3.3836389773796114	3.3982871992765507	3.4500819225722097	3.2474391307352377	3.143769375227816	1.5351642130566971	0.8932855896734986	1.2863212497745122	1.75691420964145	1.143589081431573	1.8965909721039989	1.7354056947522625	1.3087432281146456	1.2576642539911393	1.0156296078721985	0.9278777018244564	1.545928937557397	1.6592609090184007	1.973418327084986	1.4480927765236102	1.9293279141213278	1.1498582947861107	1.681082264249207	1.870348835173762	0.9904076308352558	1.4613091016082702	1.8481076441827513	1.8421155295787552	1.7526720732870515	1.5505272918015014	1.5463629359684314	1.6043485307094136	1.503061819532539	1.139803607454914	1.5792158073513423	1.199799366916194	1.439802426282872	1.9751005712933747	1.1790571457997632	1.0937069194193834	1.5669254740795227	0.7537070506064611	1.8112523776263787	1.0391752230048503	1.316809917469436	2.271302785598766	2.9818633839842312	2.548809283327212	3.0570219141259267	2.290120982017946	2.493133311449851	2.6596026386924185	2.3889735662172265	3.0425203210742877	2.4156054285686004	3.0712055024431253	2.6969088651956725	2.3683261054567466	2.6416161709690584	2.4898355806902863	3.0510477100591844	2.5408315040357206	2.45268272648146	2.853555750030912	3.185530111878492
