1	1	3.9010407494971644
1	2	2.5782586367471954
1	3	1.8110229149385182
1	4	2.2042784231666945
1	5	2.8318354947002518
1	6	2.129239017554622
1	7	2.7732127174961665
1	8	2.584364566721157
1	9	2.3791130767426276
1	10	2.0450187031753333
1	11	0.44737424268623016
1	12	0.6007453600738581
1	13	0.8401586950853694
1	14	0.8843332272668554
1	15	0.47000311759336055
1	16	1.0205353942751363
1	17	1.0009100920537244
1	18	1.1606568201369023
1	19	0.5385230036201234
1	20	0.495483684476258
1	21	2.091612500746513
1	22	2.2576371337229713
1	23	2.2075937351121615
1	24	1.4848591895767003
1	25	2.3575097141830685
2	1	2.5782586367471954
2	2	3.9010407494971644
2	3	3.1157354834616564
2	4	3.4188898023949696
2	5	3.3944913985887517
2	6	3.385096321871938
2	7	3.27977046263006
2	8	3.7892473692583257
2	9	3.262915739606047
2	10	3.3510230373050334
2	11	1.3493073080736822
2	12	1.400257583589728
2	13	0.8971736848706713
2	14	0.9938098690318493
2	15	0.9143769348861137
2	16	1.3866287468500027
2	17	1.7318084014076596
2	18	1.1028894682416515
2	19	0.6378468429634179
2	20	1.055661207882586
2	21	2.9749726062218906
2	22	2.742239975574279
2	23	2.851764550215857
2	24	2.1683494140873805
2	25	2.7714179364718268
3	1	1.8110229149385182
3	2	3.1157354834616564
3	3	3.9010407494971644
3	4	3.462837230693336
3	5	2.8037426423837415
3	6	3.5588424809862227
3	7	2.7721236675934575
3	8	3.127234139024989
3	9	2.8056222956186465
3	10	3.4654019570197936
3	11	1.86888014253111
3	12	1.8340717805223448
3	13	0.8679522601916196
3	14	0.9875220146859278
3	15	1.1328761959984752
3	16	1.5024352130197234
3	17	2.071803124295484
3	18	0.9854920548088293
3	19	0.6563079640946445
3	20	1.3423144674852856
3	21	3.0535635228906424
3	22	2.5970819957645674
3	23	2.775566388915774
3	24	2.387820596892236
3	25	2.5605873282349583
4	1	2.2042784231666945
4	2	3.4188898023949696
4	3	3.462837230693336
4	4	3.9010407494971644
4	5	3.2343105310102565
4	6	3.8019886811493997
4	7	3.2101599306011446
4	8	3.481521326566461
4	9	2.883939718000529
4	10	3.3648093643676478
4	11	1.8189894010650383
4	12	1.8508308935286486
4	13	1.1464176880204109
4	14	1.25650916427362
4	15	1.2852993313328356
4	16	1.7161563898722898
4	17	2.1579420531901974
4	18	1.3029312622135203
4	19	0.9109137293346312
4	20	1.455216099545674
4	21	3.3459398597909122
4	22	2.95894123470653
4	23	3.1203027597903246
4	24	2.5586465955180913
4	25	2.9434987542992186
5	1	2.8318354947002518
5	2	3.3944913985887517
5	3	2.8037426423837415
5	4	3.2343105310102565
5	5	3.9010407494971644
5	6	3.1442611888488585
5	7	3.7599581440530194
5	8	3.4817533205893425
5	9	2.8076918922423726
5	10	2.888014752066382
5	11	1.4491173255101222
5	12	1.5602522011057056
5	13	1.3237895256267351
5	14	1.4096240574122234
5	15	1.225853596408725
5	16	1.7361058249558314
5	17	1.9353431291457701
5	18	1.5571672757630632
5	19	1.0502192785472553
5	20	1.3241572524076428
5	21	3.134208068080329
5	22	3.118672398690752
5	23	3.1603468680785407
5	24	2.4103705921206178
5	25	3.18057945765661
6	1	2.129239017554622
6	2	3.385096321871938
6	3	3.5588424809862227
6	4	3.8019886811493997
6	5	3.1442611888488585
6	6	3.9010407494971644
6	7	3.1139022734102646
6	8	3.4291761002059524
6	9	2.903713909771389
6	10	3.437102655781941
6	11	1.816668924435148
6	12	1.833647966668865
6	13	1.0713880652901815
6	14	1.1834987094499922
6	15	1.2366578347799129
6	16	1.6553647738704442
6	17	2.126616611632443
6	18	1.2204868189519464
6	19	0.8403965509971587
6	20	1.4155049830835895
6	21	3.278602699938976
6	22	2.870957641215613
6	23	3.0369547153185477
6	24	2.510699751826935
6	25	2.8512344310822324
7	1	2.7732127174961665
7	2	3.27977046263006
7	3	2.7721236675934575
7	4	3.2101599306011446
7	5	3.7599581440530194
7	6	3.1139022734102646
7	7	3.9010407494971644
7	8	3.377795608539854
7	9	2.6746329846322503
7	10	2.80520417825906
7	11	1.547875637460316
7	12	1.6707221809095083
7	13	1.4644203841709764
7	14	1.5506174049375487
7	15	1.361020555094695
7	16	1.874394768560824
7	17	2.0521959693959224
7	18	1.6954283311385732
7	19	1.1912406426086433
7	20	1.4537593095631487
7	21	3.2183362053189235
7	22	3.2551868539527584
7	23	3.283018490508702
7	24	2.5311218520818928
7	25	3.320460432732362
8	1	2.584364566721157
8	2	3.7892473692583257
8	3	3.127234139024989
8	4	3.481521326566461
8	5	3.4817533205893425
8	6	3.4291761002059524
8	7	3.377795608539854
8	8	3.9010407494971644
8	9	3.151122632051569
8	10	3.2994528852066156
8	11	1.4358772346474642
8	12	1.4949350627053346
8	13	1.0085891945735344
8	14	1.1054761083790128
8	15	1.0229300208157652
8	16	1.4974233310322957
8	17	1.832174677284904
8	18	1.2126651252276202
8	19	0.7495885125419046
8	20	1.1611158114655473
8	21	3.0780932438824453
8	22	2.8539729444749344
8	23	2.9628945748918514
8	24	2.2734708602549
8	25	2.8823185531615882
9	1	2.3791130767426276
9	2	3.262915739606047
9	3	2.8056222956186465
9	4	2.883939718000529
9	5	2.8076918922423726
9	6	2.903713909771389
9	7	2.6746329846322503
9	8	3.151122632051569
9	9	3.9010407494971644
9	10	3.234991328560416
9	11	0.8230845119988368
9	12	0.8370160907528441
9	13	0.2608651172956833
9	14	0.35631722765286655
9	15	0.29066423658075546
9	16	0.7526949736218165
9	17	1.1415202042728998
9	18	0.47401623457127906
9	19	0.0
9	20	0.44567064575533966
9	21	2.3626400132765752
9	22	2.1043478745615385
9	23	2.215648578088001
9	24	1.5560895793989662
9	25	2.1363490969188317
10	1	2.0450187031753333
10	2	3.3510230373050334
10	3	3.4654019570197936
10	4	3.3648093643676478
10	5	2.888014752066382
10	6	3.437102655781941
10	7	2.80520417825906
10	8	3.2994528852066156
10	9	3.234991328560416
10	10	3.9010407494971644
10	11	1.4437194717674622
10	12	1.426162555828625
10	13	0.6104738610982006
10	14	0.7212899014238601
10	15	0.782096892898537
10	16	1.1923524416077451
10	17	1.6918054811032253
10	18	0.7684693730164103
10	19	0.377088800039993
10	20	0.9710959794107428
10	21	2.8151407721691086
10	22	2.428637835313862
10	23	2.585165796945259
10	24	2.0544912295420747
10	25	2.4223402741730102
11	1	0.44737424268623016
11	2	1.3493073080736822
11	3	1.86888014253111
11	4	1.8189894010650383
11	5	1.4491173255101222
11	6	1.816668924435148
11	7	1.547875637460316
11	8	1.4358772346474642
11	9	0.8230845119988368
11	10	1.4437194717674622
11	11	3.9010407494971644
11	12	3.5878201628871986
11	13	1.818638070524646
11	14	1.9547796607405288
11	15	2.6345971588025687
11	16	2.5484917134646734
11	17	3.246027724179286
11	18	1.6655160050842346
11	19	1.7955859708276294
11	20	2.9449212682992347
11	21	2.2122772129367503
11	22	2.0735031882531314
11	23	2.1408196881413937
11	24	2.8228821913610336
11	25	1.9685691800953053
12	1	0.6007453600738581
12	2	1.400257583589728
12	3	1.8340717805223448
12	4	1.8508308935286486
12	5	1.5602522011057056
12	6	1.833647966668865
12	7	1.6707221809095083
12	8	1.4949350627053346
12	9	0.8370160907528441
12	10	1.426162555828625
12	11	3.5878201628871986
12	12	3.9010407494971644
12	13	2.131365041093441
12	14	2.2677416991661072
12	15	2.9230306602653795
12	16	2.860643184152708
12	17	3.490396530000003
12	18	1.976766939468195
12	19	2.101721169750725
12	20	3.2286018465331665
12	21	2.3037220208661227
12	22	2.2431782660494934
12	23	2.2825797054595927
12	24	3.0150009304450567
12	25	2.141203947555577
13	1	0.8401586950853694
13	2	0.8971736848706713
13	3	0.8679522601916196
13	4	1.1464176880204109
13	5	1.3237895256267351
13	6	1.0713880652901815
13	7	1.4644203841709764
13	8	1.0085891945735344
13	9	0.2608651172956833
13	10	0.6104738610982006
13	11	1.818638070524646
13	12	2.131365041093441
13	13	3.9010407494971644
13	14	3.7617901834471175
13	15	2.95376535667791
13	16	3.1420344541164544
13	17	2.3346099218958924
13	18	3.5319167499332496
13	19	3.59682078081338
13	20	2.693219204094809
13	21	1.6922249930082183
13	22	2.053669775209115
13	23	1.919493342377534
13	24	2.3176980028561984
13	25	2.025394759486333
14	1	0.8843332272668554
14	2	0.9938098690318493
14	3	0.9875220146859278
14	4	1.25650916427362
14	5	1.4096240574122234
14	6	1.1834987094499922
14	7	1.5506174049375487
14	8	1.1054761083790128
14	9	0.35631722765286655
14	10	0.7212899014238601
14	11	1.9547796607405288
14	12	2.2677416991661072
14	13	3.7617901834471175
14	14	3.9010407494971644
14	15	3.064351370354476
14	16	3.2812572106014093
14	17	2.4738319719268995
14	18	3.4882639230699173
14	19	3.5413009465938736
14	20	2.8169955210791464
14	21	1.8054815417858858
14	22	2.152378591217521
14	23	2.0247873803262326
14	24	2.4488302969348683
14	25	2.11848006887213
15	1	0.47000311759336055
15	2	0.9143769348861137
15	3	1.1328761959984752
15	4	1.2852993313328356
15	5	1.225853596408725
15	6	1.2366578347799129
15	7	1.361020555094695
15	8	1.0229300208157652
15	9	0.29066423658075546
15	10	0.782096892898537
15	11	2.6345971588025687
15	12	2.9230306602653795
15	13	2.95376535667791
15	14	3.064351370354476
15	15	3.9010407494971644
15	16	3.3465828062423473
15	17	2.927980281726316
15	18	2.6719004341497326
15	19	3.025968490624888
15	20	3.5903861525319494
15	21	1.8281508217825824
15	22	2.006748662826767
15	23	1.9492483795407216
15	24	2.6269245438406035
15	25	1.9328421488508707
16	1	1.0205353942751363
16	2	1.3866287468500027
16	3	1.5024352130197234
16	4	1.7161563898722898
16	5	1.7361058249558314
16	6	1.6553647738704442
16	7	1.874394768560824
16	8	1.4974233310322957
16	9	0.7526949736218165
16	10	1.1923524416077451
16	11	2.5484917134646734
16	12	2.860643184152708
16	13	3.1420344541164544
16	14	3.2812572106014093
16	15	3.3465828062423473
16	16	3.9010407494971644
16	17	3.093615052369982
16	18	3.0163565338784775
16	19	3.022393928043952
16	20	3.270459986186715
16	21	2.2706349528276824
16	22	2.517564694503358
16	23	2.435212337170461
16	24	3.0099299687347214
16	25	2.4534855089373147
17	1	1.0009100920537244
17	2	1.7318084014076596
17	3	2.071803124295484
17	4	2.1579420531901974
17	5	1.9353431291457701
17	6	2.126616611632443
17	7	2.0521959693959224
17	8	1.832174677284904
17	9	1.1415202042728998
17	10	1.6918054811032253
17	11	3.246027724179286
17	12	3.490396530000003
17	13	2.3346099218958924
17	14	2.4738319719268995
17	15	2.927980281726316
17	16	3.093615052369982
17	17	3.9010407494971644
17	18	2.247666315614838
17	19	2.2394818041915068
17	20	3.1691560954799662
17	21	2.653684182831588
17	22	2.6442576206493564
17	23	2.669261891296779
17	24	3.4164900608631537
17	25	2.5440048839242695
18	1	1.1606568201369023
18	2	1.1028894682416515
18	3	0.9854920548088293
18	4	1.3029312622135203
18	5	1.5571672757630632
18	6	1.2204868189519464
18	7	1.6954283311385732
18	8	1.2126651252276202
18	9	0.47401623457127906
18	10	0.7684693730164103
18	11	1.6655160050842346
18	12	1.976766939468195
18	13	3.5319167499332496
18	14	3.4882639230699173
18	15	2.6719004341497326
18	16	3.0163565338784775
18	17	2.247666315614838
18	18	3.9010407494971644
18	19	3.2379781930688027
18	20	2.45426498659279
18	21	1.828981139417417
18	22	2.238082864754665
18	23	2.083647374379562
18	24	2.3424512813866993
18	25	2.2283424921808477
19	1	0.5385230036201234
19	2	0.6378468429634179
19	3	0.6563079640946445
19	4	0.9109137293346312
19	5	1.0502192785472553
19	6	0.8403965509971587
19	7	1.1912406426086433
19	8	0.7495885125419046
19	9	0.0
19	10	0.377088800039993
19	11	1.7955859708276294
19	12	2.101721169750725
19	13	3.59682078081338
19	14	3.5413009465938736
19	15	3.025968490624888
19	16	3.022393928043952
19	17	2.2394818041915068
19	18	3.2379781930688027
19	19	3.9010407494971644
19	20	2.7280396711745123
19	21	1.462828617004762
19	22	1.7966459565110284
19	23	1.673521338863782
19	24	2.1428298652157185
19	25	1.7604623112306932
20	1	0.495483684476258
20	2	1.055661207882586
20	3	1.3423144674852856
20	4	1.455216099545674
20	5	1.3241572524076428
20	6	1.4155049830835895
20	7	1.4537593095631487
20	8	1.1611158114655473
20	9	0.44567064575533966
20	10	0.9710959794107428
20	11	2.9449212682992347
20	12	3.2286018465331665
20	13	2.693219204094809
20	14	2.8169955210791464
20	15	3.5903861525319494
20	16	3.270459986186715
20	17	3.1691560954799662
20	18	2.45426498659279
20	19	2.7280396711745123
20	20	3.9010407494971644
20	21	1.9805921647808797
20	22	2.0915257501460283
20	23	2.062147913359631
20	24	2.788311602456745
20	25	2.0065888133443073
21	1	2.091612500746513
21	2	2.9749726062218906
21	3	3.0535635228906424
21	4	3.3459398597909122
21	5	3.134208068080329
21	6	3.278602699938976
21	7	3.2183362053189235
21	8	3.0780932438824453
21	9	2.3626400132765752
21	10	2.8151407721691086
21	11	2.2122772129367503
21	12	2.3037220208661227
21	13	1.6922249930082183
21	14	1.8054815417858858
21	15	1.8281508217825824
21	16	2.2706349528276824
21	17	2.653684182831588
21	18	1.828981139417417
21	19	1.462828617004762
21	20	1.9805921647808797
21	21	3.9010407494971644
21	22	3.4248797078528734
21	23	3.608968327344544
21	24	3.0931000866437386
21	25	3.3623954805747243
22	1	2.2576371337229713
22	2	2.742239975574279
22	3	2.5970819957645674
22	4	2.95894123470653
22	5	3.118672398690752
22	6	2.870957641215613
22	7	3.2551868539527584
22	8	2.8539729444749344
22	9	2.1043478745615385
22	10	2.428637835313862
22	11	2.0735031882531314
22	12	2.2431782660494934
22	13	2.053669775209115
22	14	2.152378591217521
22	15	2.006748662826767
22	16	2.517564694503358
22	17	2.6442576206493564
22	18	2.238082864754665
22	19	1.7966459565110284
22	20	2.0915257501460283
22	21	3.4248797078528734
22	22	3.9010407494971644
22	23	3.716951802401278
22	24	3.1282280147468233
22	25	3.795356988788865
23	1	2.2075937351121615
23	2	2.851764550215857
23	3	2.775566388915774
23	4	3.1203027597903246
23	5	3.1603468680785407
23	6	3.0369547153185477
23	7	3.283018490508702
23	8	2.9628945748918514
23	9	2.215648578088001
23	10	2.585165796945259
23	11	2.1408196881413937
23	12	2.2825797054595927
23	13	1.919493342377534
23	14	2.0247873803262326
23	15	1.9492483795407216
23	16	2.435212337170461
23	17	2.669261891296779
23	18	2.083647374379562
23	19	1.673521338863782
23	20	2.062147913359631
23	21	3.608968327344544
23	22	3.716951802401278
23	23	3.9010407494971644
23	24	3.149143696871712
23	25	3.645687455381551
24	1	1.4848591895767003
24	2	2.1683494140873805
24	3	2.387820596892236
24	4	2.5586465955180913
24	5	2.4103705921206178
24	6	2.510699751826935
24	7	2.5311218520818928
24	8	2.2734708602549
24	9	1.5560895793989662
24	10	2.0544912295420747
24	11	2.8228821913610336
24	12	3.0150009304450567
24	13	2.3176980028561984
24	14	2.4488302969348683
24	15	2.6269245438406035
24	16	3.0099299687347214
24	17	3.4164900608631537
24	18	2.3424512813866993
24	19	2.1428298652157185
24	20	2.788311602456745
24	21	3.0931000866437386
24	22	3.1282280147468233
24	23	3.149143696871712
24	24	3.9010407494971644
24	25	3.027014856722607
25	1	2.3575097141830685
25	2	2.7714179364718268
25	3	2.5605873282349583
25	4	2.9434987542992186
25	5	3.18057945765661
25	6	2.8512344310822324
25	7	3.320460432732362
25	8	2.8823185531615882
25	9	2.1363490969188317
25	10	2.4223402741730102
25	11	1.9685691800953053
25	12	2.141203947555577
25	13	2.025394759486333
25	14	2.11848006887213
25	15	1.9328421488508707
25	16	2.4534855089373147
25	17	2.5440048839242695
25	18	2.2283424921808477
25	19	1.7604623112306932
25	20	2.0065888133443073
25	21	3.3623954805747243
25	22	3.795356988788865
25	23	3.645687455381551
25	24	3.027014856722607
25	25	3.9010407494971644
