1	1	3.938891636607192
1	2	3.008821626930727
1	3	1.9447291443600112
1	4	2.7352881721070332
1	5	3.7188957369557336
1	6	2.913606625075775
1	7	3.2499544912979212
1	8	3.7045055527461472
1	9	3.4586566230835176
1	10	3.5789758742620643
1	11	2.638472992063213
1	12	3.335791956269423
1	13	2.8752364707686207
1	14	2.9622385721615316
1	15	2.729635264437591
1	16	2.7868476591908253
1	17	2.6856216753389868
1	18	2.7694661872515205
1	19	2.4334378205002296
1	20	1.930549144991451
1	21	2.588241707288125
1	22	2.4507041041995725
1	23	2.7396877570665303
1	24	3.5446663690330684
1	25	2.9705239793848452
1	26	3.619389912077716
1	27	1.7837155844043764
1	28	1.7341447894966118
1	29	2.2354001196036606
1	30	2.769319020637534
1	31	3.8212702347827925
1	32	3.3706606842225315
1	33	3.5973671639802447
1	34	3.623638437694148
1	35	1.9142404629494405
1	36	2.3133063915290686
1	37	2.1182801239040048
1	38	2.2820067451897224
1	39	3.1810190996633287
1	40	1.8708884043727645
1	41	1.1791245868058597
1	42	0.5166857705010979
1	43	0.9506265011597823
1	44	1.0581565607773635
1	45	0.8228882828639841
1	46	0.909449434993999
1	47	1.6946299337230566
1	48	0.31596705311248474
1	49	0.25923729285577446
1	50	0.09753590017627767
1	51	0.8435207312125184
1	52	0.9867465451691158
1	53	1.4087103012492848
1	54	0.9599534253937758
1	55	0.4491393820170022
1	56	1.1541721719841576
1	57	1.0058286144063704
1	58	1.6046466873230805
1	59	1.6172552878642326
1	60	0.6768165679742912
1	61	0.5379528323391853
1	62	0.8936180517856465
1	63	1.0509372407890645
1	64	1.0218607281017418
1	65	1.0629111069640307
1	66	1.593478504629132
1	67	1.2783813058016826
1	68	1.336921766354144
1	69	0.7528033546139583
1	70	1.4063928265895065
1	71	0.5280542222993088
1	72	1.1921739172697023
1	73	0.9241376635485294
1	74	0.19441275136597547
1	75	0.9192278127899276
1	76	0.5854471775333545
1	77	0.5606971961588774
1	78	1.5660753665875191
1	79	0.2473766652899565
1	80	0.8440851712942776
1	81	1.92928631865585
1	82	2.0568495665199817
1	83	2.3368409393208838
1	84	2.3621711874852585
1	85	1.830188959499472
1	86	1.6645675049383963
1	87	2.2181500110119874
1	88	1.5341174590954676
1	89	2.362145328017983
1	90	1.7687041962819325
1	91	2.5548837652361867
1	92	1.7162201746507249
1	93	1.5934978765027688
1	94	2.1531026158161826
1	95	1.6068272407784132
1	96	2.2774662004939747
1	97	2.238942192152246
1	98	1.7089818453395509
1	99	1.8595856026145872
1	100	2.2447854770647124
2	1	3.008821626930727
2	2	3.938891636607192
2	3	1.900580854787198
2	4	2.670281305896498
2	5	3.0136910800020758
2	6	3.5068352438091566
2	7	3.659841040751145
2	8	2.8244305058292705
2	9	3.3171861183683573
2	10	3.0675651748471586
2	11	2.704177073155486
2	12	3.1784927785128616
2	13	2.4692268964101887
2	14	2.905429587681169
2	15	2.7876934370822877
2	16	2.90755920884787
2	17	2.571085780528381
2	18	2.9421096112495864
2	19	2.1338550644071437
2	20	1.8465208860297224
2	21	2.6808788320939727
2	22	2.6225703621844003
2	23	3.1249781309852875
2	24	3.398061065192098
2	25	2.517106024528001
2	26	2.798071967201384
2	27	1.9518417434882904
2	28	1.8478618565561398
2	29	2.413015810042256
2	30	2.709825970788356
2	31	2.941372138508294
2	32	3.2893839186292784
2	33	2.902170530866692
2	34	2.8161830923982567
2	35	2.1863768531556693
2	36	2.1730524296925697
2	37	2.457879779806178
2	38	2.674863182729367
2	39	3.291977176314634
2	40	2.2721804807872568
2	41	2.1068822543159
2	42	1.4464245432255551
2	43	1.8803548298311448
2	44	1.9262282410604898
2	45	1.7529565385714543
2	46	1.6619132440375952
2	47	2.6135213309266963
2	48	1.0932431622213352
2	49	1.0354758723831505
2	50	0.918206172868103
2	51	1.7539286543234502
2	52	1.8920660482682399
2	53	2.338773473374688
2	54	1.6937813876334387
2	55	1.2178920719713986
2	56	1.9911607996177139
2	57	1.9268728562440325
2	58	2.5263985084807716
2	59	2.546582679880525
2	60	1.6067623131223816
2	61	1.341741980719663
2	62	1.6649167474649875
2	63	1.887404911402212
2	64	1.8812656954387181
2	65	1.9786934710890511
2	66	2.492949664861439
2	67	2.2070073664941177
2	68	2.263665900163584
2	69	1.6814994441140811
2	70	2.3342223563218685
2	71	1.4197146858445384
2	72	2.1219140295240493
2	73	1.636677133610188
2	74	0.9802205687084391
2	75	1.8426548394946098
2	76	1.3579473679056475
2	77	1.4829405392793986
2	78	2.4958920834436107
2	79	1.111894332911782
2	80	1.7652298388847778
2	81	2.840694118603026
2	82	2.698802777534946
2	83	3.243079718770978
2	84	3.0396658153735325
2	85	2.721772247403876
2	86	2.4343536915645876
2	87	3.0688131118777875
2	88	2.3059878473079753
2	89	3.0483373961118523
2	90	2.6058727995714666
2	91	3.242864696114746
2	92	2.3930806749651823
2	93	2.396699671759684
2	94	2.9973829544912736
2	95	2.3558291779065677
2	96	2.9418959059643845
2	97	3.1334491618119906
2	98	2.5130970169458835
2	99	2.5025391242620003
2	100	2.8162003981607917
3	1	1.9447291443600112
3	2	1.900580854787198
3	3	3.938891636607192
3	4	3.121670269598437
3	5	1.7352632792464586
3	6	2.31171119418268
3	7	2.073859353465738
3	8	2.057324753284868
3	9	1.687151353848252
3	10	2.2981064200118415
3	11	3.133858293322618
3	12	2.4704384104046397
3	13	2.9297183402241753
3	14	2.8680159176310442
3	15	3.0456547727023895
3	16	2.930227489235805
3	17	3.192263242718929
3	18	2.897252056657877
3	19	3.3071621347017337
3	20	3.8447475724633358
3	21	3.1584590945542406
3	22	3.1899557720019867
3	23	2.6823717569296024
3	24	2.026715064224893
3	25	2.828036589709882
3	26	2.156681179074173
3	27	3.468114916600375
3	28	3.5605156216017204
3	29	3.3401425522163852
3	30	3.082244175421539
3	31	2.0294362115470426
3	32	1.587328355052902
3	33	2.263715887214767
3	34	2.170536027819379
3	35	3.2576306028984936
3	36	3.5562225284551765
3	37	3.0885054190249357
3	38	2.936634303947328
3	39	2.4907032046483506
3	40	2.9796189164298363
3	41	0.9494341803904747
3	42	0.35343106063349294
3	43	0.7083806534125432
3	44	1.318732420932002
3	45	0.5677436768165571
3	46	1.6568276235478994
3	47	1.0386632513558514
3	48	1.1329554418622338
3	49	1.0912958610817967
3	50	0.7950479678268758
3	51	0.2798059557649779
3	52	1.050037453197398
3	53	1.0269621912943387
3	54	1.7489809308567699
3	55	1.2663816102718255
3	56	1.5202503004863326
3	57	0.5110421169389157
3	58	0.9961714610686245
3	59	1.2239169474737328
3	60	0.4196309024459137
3	61	1.2107104943583398
3	62	1.5846719516165049
3	63	1.4536445325223357
3	64	1.3344750424926528
3	65	1.019674496584444
3	66	0.8385209951713022
3	67	1.0023638779736057
3	68	0.8533364928049076
3	69	0.5913866750427554
3	70	0.9271730810033358
3	71	0.7919677109974552
3	72	0.8202515849156962
3	73	1.7885183552212585
3	74	1.0056855058140122
3	75	0.46732721885192596
3	76	1.3578017257094404
3	77	0.1481190054067203
3	78	1.166656040841854
3	79	0.7201789341195601
3	80	0.795739843420431
3	81	1.6175434955129568
3	82	2.471525494359444
3	83	1.83017853663215
3	84	2.3986407004356267
3	85	1.6759556927655423
3	86	2.0356226076516104
3	87	1.9887469604538266
3	88	1.968398442589064
3	89	2.3819932168735543
3	90	1.8664998032616071
3	91	2.3492618291828316
3	92	2.3102919774620507
3	93	1.8981675099535438
3	94	1.989465506466304
3	95	2.0710158836329047
3	96	2.4298985660549874
3	97	1.8449772837776646
3	98	1.9496932337446182
3	99	2.4361298096828934
3	100	2.614894806009593
4	1	2.7352881721070332
4	2	2.670281305896498
4	3	3.121670269598437
4	4	3.938891636607192
4	5	2.534829123524263
4	6	3.039720939032142
4	7	2.8737718821583487
4	8	2.810306822313123
4	9	2.504348803289921
4	10	3.09480950424054
4	11	3.7597423212280825
4	12	3.2870962947038924
4	13	3.465110993225051
4	14	3.684502062500051
4	15	3.767993371081576
4	16	3.6584553633371932
4	17	3.8339319913372316
4	18	3.5990425024059203
4	19	3.36423929979159
4	20	3.0868762989148264
4	21	3.711517122181458
4	22	3.55911960679368
4	23	3.336989557714664
4	24	2.8439364209987446
4	25	3.410597202815251
4	26	2.8980760379484756
4	27	2.9786274023409987
4	28	2.93739521011207
4	29	3.394196948872912
4	30	3.89844722473657
4	31	2.8066142325691947
4	32	2.4045217597014417
4	33	3.0271570271855093
4	34	2.9157748346704957
4	35	3.056979037045446
4	36	3.439740992724058
4	37	3.1738843632748845
4	38	3.226683626568607
4	39	3.2960986856261725
4	40	2.9215496677539674
4	41	1.3666392160797978
4	42	0.7153555672859859
4	43	1.1171154816894373
4	44	1.5523905585262274
4	45	0.9746233811398586
4	46	1.671655808798708
4	47	1.6137054245372298
4	48	1.0825095182231106
4	49	1.0312203674446816
4	50	0.7916822694154635
4	51	0.7868503394889297
4	52	1.3536878466331226
4	53	1.506441528445388
4	54	1.7476498416142046
4	55	1.2218595982814207
4	56	1.7192230431612852
4	57	1.0035371234677135
4	58	1.552979578252799
4	59	1.7214036447058918
4	60	0.8207573853198293
4	61	1.2381210118877184
4	62	1.6245431421626524
4	63	1.6298694260771036
4	64	1.545072401480248
4	65	1.366347481031113
4	66	1.4334158561068517
4	67	1.440675112042439
4	68	1.3589608308144872
4	69	0.9628791220931658
4	70	1.4355277667962976
4	71	0.9936117646926594
4	72	1.2837962532470852
4	73	1.7482495751721352
4	74	0.9529020227164207
4	75	0.9426702646245171
4	76	1.3414522805356985
4	77	0.5967176358221153
4	78	1.6621239887172066
4	79	0.8225976797619765
4	80	1.131791712950402
4	81	2.1204808135163313
4	82	2.7732463714650177
4	83	2.4304654684337947
4	84	2.8883881857913516
4	85	2.1230258673813287
4	86	2.2846959775169404
4	87	2.509470756244734
4	88	2.176435876096612
4	89	2.8754484006384806
4	90	2.2268250522131114
4	91	2.939388485205826
4	92	2.477102868044332
4	93	2.163553827304268
4	94	2.4830779194945505
4	95	2.275964402425352
4	96	2.8680245624878338
4	97	2.4072176548425364
4	98	2.2529036905335595
4	99	2.6347081205480682
4	100	2.982615317765722
5	1	3.7188957369557336
5	2	3.0136910800020758
5	3	1.7352632792464586
5	4	2.534829123524263
5	5	3.938891636607192
5	6	2.8296525594053463
5	7	3.2084129465555504
5	8	3.511278943948697
5	9	3.5807618659664495
5	10	3.3759450376489424
5	11	2.449713136133239
5	12	3.161345844617647
5	13	2.655547854881582
5	14	2.7706654351910274
5	15	2.542801181276337
5	16	2.6104445023138
5	17	2.4794268147029594
5	18	2.5996556695622006
5	19	2.2143174583136704
5	20	1.7183203725782406
5	21	2.4013126941376246
5	22	2.270131044077038
5	23	2.6024876249433744
5	24	3.4912439046074963
5	25	2.7505607529249403
5	26	3.41291656131486
5	27	1.5923881746677662
5	28	1.5365956743549165
5	29	2.0511049126688903
5	30	2.5703428937021036
5	31	3.6079700185391603
5	32	3.5202089476446403
5	33	3.3773739221812864
5	34	3.4133830447845033
5	35	1.7372381132323365
5	36	2.1003407516532855
5	37	1.9540806299166529
5	38	2.129602858128581
5	39	3.0352540970056534
5	40	1.7123876601726247
5	41	1.188691833124071
5	42	0.5355732961012918
5	43	0.9685497853207181
5	44	1.0143456944292195
5	45	0.8457268431124563
5	46	0.8190387369077268
5	47	1.74083173853766
5	48	0.2315924319088345
5	49	0.17433921782399997
5	50	0.029214295698582582
5	51	0.9041180635495918
5	52	0.9673979585593626
5	53	1.4294419961729696
5	54	0.8640851659326834
5	55	0.3622435525364067
5	56	1.09572823901326
5	57	1.0537024383982772
5	58	1.647988196368324
5	59	1.6309941478459051
5	60	0.7033893186075781
5	61	0.46392764288733046
5	62	0.8092487564084605
5	63	0.9918958511958649
5	64	0.9734549212967036
5	65	1.0536843112824705
5	66	1.6577142766531043
5	67	1.2903685020320497
5	68	1.3734468095585166
5	69	0.7661173459052621
5	70	1.4399134946081733
5	71	0.4978479511338354
5	72	1.2190816332520193
5	73	0.8219190158959022
5	74	0.11273992068002592
5	75	0.9639137630914121
5	76	0.5002806830996671
5	77	0.6085981251052943
5	78	1.582842361899476
5	79	0.20015692921048656
5	80	0.8417132190597103
5	81	1.915797641097821
5	82	1.9476665796412194
5	83	2.3202309634529517
5	84	2.267822470808097
5	85	1.8020994271132542
5	86	1.584448714561475
5	87	2.172419119696926
5	88	1.45360853424461
5	89	2.2698723751885286
5	90	1.713461397134871
5	91	2.469074885899068
5	92	1.6106244582945544
5	93	1.5240541008098685
5	94	2.104076184517333
5	95	1.5198101002812376
5	96	2.177935614414035
5	97	2.2143927312176017
5	98	1.6407267495230786
5	99	1.7475971940609067
5	100	2.124175760917189
6	1	2.913606625075775
6	2	3.5068352438091566
6	3	2.31171119418268
6	4	3.039720939032142
6	5	2.8296525594053463
6	6	3.938891636607192
6	7	3.538438590990819
6	8	2.8024104049719627
6	9	3.0304537206329933
6	10	3.1300034462422217
6	11	3.105468464944482
6	12	3.355798712293616
6	13	2.7430348246513763
6	14	3.2417909717932534
6	15	3.179809513293249
6	16	3.303365289310103
6	17	2.935630491520329
6	18	3.3476805637117346
6	19	2.4743947033439557
6	20	2.2519320212798197
6	21	3.089593849092928
6	22	3.046804909838695
6	23	3.5554642184522933
6	24	3.277271517609523
6	25	2.7654338540859267
6	26	2.8167046483757696
6	27	2.383338831865733
6	28	2.2773948407412625
6	29	2.8419288515130416
6	30	3.076525232880708
6	31	2.892437501163476
6	32	2.9659724074591125
6	33	2.9545058805773627
6	34	2.83824573998857
6	35	2.6176995894243005
6	36	2.5563273846247503
6	37	2.887260979114311
6	38	3.102130663271555
6	39	3.547296545236916
6	40	2.6919120817814877
6	41	2.09308855456214
6	42	1.4223385448922174
6	43	1.8490947349930655
6	44	2.0698557393869645
6	45	1.7113896160965036
6	46	1.92754161529313
6	47	2.464397216019994
6	48	1.3375957819236732
6	49	1.2805735175543713
6	50	1.12279974121746
6	51	1.6105470957917412
6	52	1.966354220476072
6	53	2.2832246792446735
6	54	1.9733214543846913
6	55	1.4694204389170933
6	56	2.176221938786804
6	57	1.8110810812452294
6	58	2.392345253845398
6	59	2.502275038271663
6	60	1.5586193004959568
6	61	1.5629811529245718
6	62	1.9155130341929922
6	63	2.0734594466031386
6	64	2.0377905627675936
6	65	2.0226364546198408
6	66	2.301169962162061
6	67	2.182844334211712
6	68	2.1650978571972193
6	69	1.6678175432563624
6	70	2.240861253052299
6	71	1.5275607705637402
6	72	2.0572819994533056
6	73	1.9304042498634977
6	74	1.2172389970665778
6	75	1.7385969906772551
6	76	1.606772634818277
6	77	1.3811961023759278
6	78	2.4447790873133473
6	79	1.2645747918889985
6	80	1.793439839100877
6	81	2.8721663316584607
6	82	3.0483610090093776
6	83	3.25553214716167
6	84	3.3765001053716377
6	85	2.809338757001516
6	86	2.6887799197344346
6	87	3.2166148089701467
6	88	2.5580957901579002
6	89	3.3789951794133506
6	90	2.7863009722556717
6	91	3.5778415248641293
6	92	2.7163753044641905
6	93	2.6185128466466256
6	94	3.158604432552431
6	95	2.6276976667914567
6	96	3.284675931660638
6	97	3.1902141693496593
6	98	2.733660817578646
6	99	2.8472305338546704
6	100	3.203407901185555
7	1	3.2499544912979212
7	2	3.659841040751145
7	3	2.073859353465738
7	4	2.8737718821583487
7	5	3.2084129465555504
7	6	3.538438590990819
7	7	3.938891636607192
7	8	3.086593424175775
7	9	3.430571774733975
7	10	3.3461213642535492
7	11	2.875836757181084
7	12	3.443341903104203
7	13	2.7264597364422527
7	14	3.1223705469959935
7	15	2.966589024944366
7	16	3.076986251049164
7	17	2.7810661218520556
7	18	3.0980199153421855
7	19	2.3668567300902765
7	20	2.028508206144231
7	21	2.843565395676813
7	22	2.7582939292041173
7	23	3.2174572766341534
7	24	3.6428094940141778
7	25	2.7811309903438817
7	26	3.068854111824976
7	27	2.0673721407042853
7	28	1.9774697963611554
7	29	2.538259255843774
7	30	2.914176516990578
7	31	3.1978101089880764
7	32	3.3617510131131927
7	33	3.178737521829188
7	34	3.0877666110120074
7	35	2.2740323767315074
7	36	2.3752503761163095
7	37	2.5298121745789426
7	38	2.7347742081487634
7	39	3.5163235053720028
7	40	2.3158038710023456
7	41	1.8616617902702655
7	42	1.1955781796370393
7	43	1.6291038197545364
7	44	1.7396602252444042
7	45	1.4984988245528865
7	46	1.543192026481349
7	47	2.3413019147472056
7	48	0.9591201739734174
7	49	0.9017207569066437
7	50	0.7596910875416412
7	51	1.47983506554985
7	52	1.6755667304488604
7	53	2.083629878166593
7	54	1.5848365545000385
7	55	1.0886814292861118
7	56	1.825632122151502
7	57	1.6572240981979376
7	58	2.2560530983181097
7	59	2.2959818500106297
7	60	1.3501664196977567
7	61	1.1939159948909497
7	62	1.536234097291599
7	63	1.7218541893352217
7	64	1.7006472602115221
7	65	1.7514100762793716
7	66	2.215496214391214
7	67	1.9594023283788595
7	68	1.9984104892769952
7	69	1.4343427400546793
7	70	2.0703791677120975
7	71	1.214817517228831
7	72	1.86334044838744
7	73	1.5380096128488625
7	74	0.8412174522427285
7	75	1.5748119869505128
7	76	1.2272850942178253
7	77	1.2146451583256117
7	78	2.2430425724346623
7	79	0.9265071587757263
7	80	1.5314479882129062
7	81	2.6178101869223998
7	82	2.648787990316145
7	83	3.025316729784838
7	84	2.981250773722471
7	85	2.51824207062075
7	86	2.3118677484070966
7	87	2.899865566127235
7	88	2.1811337843693916
7	89	2.9853077243044037
7	90	2.4431302632093823
7	91	3.187381323610645
7	92	2.319606300084035
7	93	2.254228368126107
7	94	2.832587079370796
7	95	2.2441774377290473
7	96	2.8872313632199726
7	97	2.927783819334606
7	98	2.3709752934607
7	99	2.4476908129595714
7	100	2.8043315610028268
8	1	3.7045055527461472
8	2	2.8244305058292705
8	3	2.057324753284868
8	4	2.810306822313123
8	5	3.511278943948697
8	6	2.8024104049719627
8	7	3.086593424175775
8	8	3.938891636607192
8	9	3.224852717787858
8	10	3.589861370238945
8	11	2.687334972695012
8	12	3.318799157104592
8	13	3.0328481617417133
8	14	3.007470217017949
8	15	2.771978345958276
8	16	2.806291577335552
8	17	2.778479502558583
8	18	2.7772454806794906
8	19	2.5888807207507893
8	20	2.052929630736055
8	21	2.634260492533164
8	22	2.486451510088865
8	23	2.6972354150192253
8	24	3.363726351942175
8	25	3.133759212610004
8	26	3.8325326080416815
8	27	1.8500703695948801
8	28	1.815171037073839
8	29	2.282079853022215
8	30	2.839481365169106
8	31	3.8137876597046985
8	32	3.136309228399042
8	33	3.720965996533905
8	34	3.8239030251936197
8	35	1.9505614772045539
8	36	2.4353724105690566
8	37	2.1296460263980537
8	38	2.2720598566452717
8	39	3.1300607826795837
8	40	1.8758688989389238
8	41	1.0105407727424822
8	42	0.3435464322073716
8	43	0.7769439511975924
8	44	0.9334192699581263
8	45	0.6462037865160499
8	46	0.8321807787819537
8	47	1.5001536853747015
8	48	0.23455511607059076
8	49	0.17858612758874592
8	50	0.0
8	51	0.6434196295759183
8	52	0.8411884337384894
8	53	1.231412805051519
8	54	0.8885338286917475
8	55	0.36998962894326226
8	56	1.0426335532379323
8	57	0.8126596261156669
8	58	1.412218695794543
8	59	1.4437429272469622
8	60	0.49799468389851675
8	61	0.44477726235741244
8	62	0.8098336106870603
8	63	0.9405112714957853
8	64	0.901510276400904
8	65	0.9089148203997395
8	66	1.3894846230252655
8	67	1.107672439611509
8	68	1.1496570303636502
8	69	0.582978892569658
8	70	1.2207558141481631
8	71	0.3933434683226831
8	72	1.0115924025060972
8	73	0.8601919868837746
8	74	0.11049873945435396
8	75	0.7281944305599479
8	76	0.5038862122936414
8	77	0.3685188559132411
8	78	1.3907449516064339
8	79	0.12885355571511958
8	80	0.6855906050086618
8	81	1.773626600913369
8	82	1.9919900534322201
8	83	2.179484956804372
8	84	2.2757920022964537
8	85	1.687012083427113
8	86	1.571347751408834
8	87	2.086131216510429
8	88	1.4423461860608486
8	89	2.2734979980779513
8	90	1.6499717082695708
8	91	2.4556415988140854
8	92	1.650801661493424
8	93	1.489927950192751
8	94	2.024804975288105
8	95	1.5214206502517196
8	96	2.198264249667446
8	97	2.088941305219106
8	98	1.6032971205016535
8	99	1.8003839723705273
8	100	2.1912795569649055
9	1	3.4586566230835176
9	2	3.3171861183683573
9	3	1.687151353848252
9	4	2.504348803289921
9	5	3.5807618659664495
9	6	3.0304537206329933
9	7	3.430571774733975
9	8	3.224852717787858
9	9	3.938891636607192
9	10	3.2602917353098353
9	11	2.460413245168751
9	12	3.1548724202109053
9	13	2.5077521019831632
9	14	2.7572958488301245
9	15	2.5552223791952193
9	16	2.647670926250244
9	17	2.428921934594811
9	18	2.6536900961424736
9	19	2.087571572066192
9	20	1.6558343761336358
9	21	2.4191875638429177
9	22	2.310218381678151
9	23	2.7261302625124086
9	24	3.5990822254095987
9	25	2.5900259549528775
9	26	3.148928665987916
9	27	1.616221913185457
9	28	1.5404864362567423
9	29	2.08703552228802
9	30	2.543601725334635
9	31	3.34703243740478
9	32	3.8348212286657657
9	33	3.1755037409699494
9	34	3.1576686798867426
9	35	1.7996653845467678
9	36	2.027049923623683
9	37	2.043529815177167
9	38	2.240676771656215
9	39	3.107142076366155
9	40	1.819612654372377
9	41	1.5225408046794997
9	42	0.8763706686486961
9	43	1.3079656383186316
9	44	1.3050301061269818
9	45	1.1880284109804453
9	46	1.0555473607878185
9	47	2.091542325017725
9	48	0.47949825364975585
9	49	0.421822773751543
9	50	0.2977293800071763
9	51	1.2600035902539735
9	52	1.2809037993290238
9	53	1.7691439712403056
9	54	1.0926378438949986
9	55	0.606205550369149
9	56	1.3702250923763701
9	57	1.406130811632012
9	58	1.9978296352128435
9	59	1.9657531897930514
9	60	1.0477894602062214
9	61	0.7237850853635184
9	62	1.0539653356276708
9	63	1.2664014351870407
9	64	1.2596351075007641
9	65	1.3749173235116259
9	66	2.0137609385602717
9	67	1.6253881809896873
9	68	1.7211160809102126
9	69	1.1033705771383784
9	70	1.7860955088170631
9	71	0.8037686802734925
9	72	1.5626401540836112
9	73	1.0415645180886863
9	74	0.36465079548728463
9	75	1.3153923891604848
9	76	0.7458045158938069
9	77	0.961464208514061
9	78	1.919675338253874
9	79	0.49095021015673534
9	80	1.16869740501962
9	81	2.2282848507559034
9	82	2.1426640169796745
9	83	2.6247066051718
9	84	2.4781885312748146
9	85	2.1023904086831204
9	86	1.827830811586233
9	87	2.449205617015153
9	88	1.6979718861328124
9	89	2.483300671883071
9	90	1.9861062038735233
9	91	2.685652972776608
9	92	1.8170380512522066
9	93	1.7818465408902862
9	94	2.37832357324935
9	95	1.7546188708211443
9	96	2.382831189439454
9	97	2.512933582075137
9	98	1.8986787644893544
9	99	1.941767764616181
9	100	2.2960371890034175
10	1	3.5789758742620643
10	2	3.0675651748471586
10	3	2.2981064200118415
10	4	3.09480950424054
10	5	3.3759450376489424
10	6	3.1300034462422217
10	7	3.3461213642535492
10	8	3.589861370238945
10	9	3.2602917353098353
10	10	3.938891636607192
10	11	2.9967442449547024
10	12	3.667488647999261
10	13	3.184690686003597
10	14	3.3208827879580856
10	15	3.0868660728862074
10	16	3.136861231050813
10	17	3.0422369187253038
10	18	3.113781069483387
10	19	2.7557984146894237
10	20	2.2799813789927343
10	21	2.9458573763845246
10	22	2.8053741114143094
10	23	3.0461966101202806
10	24	3.546672034889694
10	25	3.2686015519892293
10	26	3.6240819500863366
10	27	2.1432708385191686
10	28	2.0939479666896723
10	29	2.5924583493540734
10	30	3.1291225118205768
10	31	3.6355529485347122
10	32	3.156557388772543
10	33	3.7622998541603394
10	34	3.6459434133920787
10	35	2.26804842550954
10	36	2.6610967191927086
10	37	2.4623258310824614
10	38	2.613984174294579
10	39	3.4775625374275663
10	40	2.211132744450487
10	41	1.3041508382404214
10	42	0.6339369001995627
10	43	1.0652248030011324
10	44	1.2646629439584074
10	45	0.9310554719762996
10	46	1.1799840769845598
10	47	1.7521505700170308
10	48	0.5819630569850975
10	49	0.5261301339860975
10	50	0.3439171074186964
10	51	0.8897270793698748
10	52	1.158227782344409
10	53	1.5128077295310796
10	54	1.2369963261009644
10	55	0.7176953319677728
10	56	1.3803950684875534
10	57	1.0713960816731647
10	58	1.6686663981993566
10	59	1.7289350532828114
10	60	0.7804668958510663
10	61	0.7896255383320856
10	62	1.1565755792044268
10	63	1.278924268414761
10	64	1.2352363627982177
10	65	1.2183406783853994
10	66	1.6228729135996307
10	67	1.3982796793762953
10	68	1.416648178305528
10	69	0.8766880442688683
10	70	1.4899270633198558
10	71	0.7194034045559459
10	72	1.2895180638000756
10	73	1.2091404871330549
10	74	0.4575287418524483
10	75	0.99104908509775
10	76	0.8511714110894397
10	77	0.6308231631173582
10	78	1.6738659781571066
10	79	0.4645825054462174
10	80	0.9913519794923364
10	81	2.0772021186805993
10	82	2.340570868363981
10	83	2.4774233626966975
10	84	2.6197990196852863
10	85	2.0027118732148597
10	86	1.915014852934727
10	87	2.4080193044758316
10	88	1.7866324157780782
10	89	2.6168172334313975
10	90	1.982668061680698
10	91	2.793985407612032
10	92	1.9995081202733713
10	93	1.8301752312825283
10	94	2.3497806453443735
10	95	1.8672312173430132
10	96	2.544359458574394
10	97	2.3954786453136876
10	98	1.9424319508714343
10	99	2.1493608197352367
10	100	2.5403073162873127
11	1	2.638472992063213
11	2	2.704177073155486
11	3	3.133858293322618
11	4	3.7597423212280825
11	5	2.449713136133239
11	6	3.105468464944482
11	7	2.875836757181084
11	8	2.687334972695012
11	9	2.460413245168751
11	10	2.9967442449547024
11	11	3.938891636607192
11	12	3.224019334506798
11	13	3.2859753195189074
11	14	3.6147133814667995
11	15	3.8439534045606547
11	16	3.7352030283797455
11	17	3.6848355393525107
11	18	3.6966575872695695
11	19	3.235226881533424
11	20	3.081161341355506
11	21	3.884589063023669
11	22	3.7288870794436155
11	23	3.4494855150266446
11	24	2.7985258515745812
11	25	3.2331762510414346
11	26	2.7679298920320425
11	27	3.081449838280523
11	28	3.0175164970077097
11	29	3.533241616238762
11	30	3.7573060130586904
11	31	2.698032285925681
11	32	2.3646549925434917
11	33	2.9052058418325144
11	34	2.7870068192578272
11	35	3.201331447948609
11	36	3.3828879750000307
11	37	3.3452478030780015
11	38	3.405717852349756
11	39	3.2852740866472145
11	40	3.0902675210413837
11	41	1.5142897816292118
11	42	0.8689672491006863
11	43	1.265121528929054
11	44	1.7224948125589497
11	45	1.1224235913521605
11	46	1.8507822489255736
11	47	1.7291976070820998
11	48	1.2615859933928877
11	49	1.2102400218314036
11	50	0.9706500592127969
11	51	0.9155455520243674
11	52	1.516504518596491
11	53	1.6435949946410067
11	54	1.9267870159927107
11	55	1.4009348095857526
11	56	1.8923981445184168
11	57	1.1359902336985304
11	58	1.6729730889734862
11	59	1.8560399782314287
11	60	0.9689658763776334
11	61	1.4169225580464109
11	62	1.8034460873853746
11	63	1.8041290717955656
11	64	1.716874884853056
11	65	1.524147513985664
11	66	1.5425139153877443
11	67	1.5851302927936493
11	68	1.4900391203575118
11	69	1.1159010892870183
11	70	1.5663614909284012
11	71	1.1645445932157323
11	72	1.423008827959852
11	73	1.927053631908247
11	74	1.1319957070630613
11	75	1.0783497238897675
11	76	1.520601594440993
11	77	0.7363567078068689
11	78	1.7968459610792946
11	79	0.9988671426378475
11	80	1.2900505100504516
11	81	2.25673897764831
11	82	2.9461165746401594
11	83	2.5445255842542194
11	84	3.037793317322116
11	85	2.2701968648029673
11	86	2.4571659734745817
11	87	2.6457846464428307
11	88	2.350965088570822
11	89	3.0238103556376625
11	90	2.3879195136269535
11	91	3.064339130845078
11	92	2.654921352862368
11	93	2.3339909554888116
11	94	2.6250022000672733
11	95	2.451172425649688
11	96	3.0264196948448245
11	97	2.531993185075695
11	98	2.4205669195081096
11	99	2.8122061659782847
11	100	3.1527700507672067
12	1	3.335791956269423
12	2	3.1784927785128616
12	3	2.4704384104046397
12	4	3.2870962947038924
12	5	3.161345844617647
12	6	3.355798712293616
12	7	3.443341903104203
12	8	3.318799157104592
12	9	3.1548724202109053
12	10	3.667488647999261
12	11	3.224019334506798
12	12	3.938891636607192
12	13	3.2213109527998562
12	14	3.537260014306689
12	15	3.318135706717596
12	16	3.387366675614456
12	17	3.212838493041934
12	18	3.3724670404224737
12	19	2.843487291367789
12	20	2.439842746814125
12	21	3.1771296789344703
12	22	3.0476515945748806
12	23	3.3172333174032724
12	24	3.4932178993910754
12	25	3.276208483606488
12	26	3.362723219209484
12	27	2.3670268130908374
12	28	2.3047240128533946
12	29	2.828429404046152
12	30	3.3257906982262115
12	31	3.370289276361814
12	32	3.053853957369731
12	33	3.5106395500054166
12	34	3.3847911460982947
12	35	2.513714484545098
12	36	2.8094189552129922
12	37	2.721349911911651
12	38	2.881023229418514
12	39	3.7373483298586123
12	40	2.4731968741476464
12	41	1.5104836844427818
12	42	0.8396118400162802
12	43	1.2672373017205034
12	44	1.5114691074234083
12	45	1.130210886594798
12	46	1.4477422716466526
12	47	1.913182749624728
12	48	0.8492041457037707
12	49	0.7935921418760019
12	50	0.6064734428776233
12	51	1.051945292017431
12	52	1.389618295235484
12	53	1.7054647608860378
12	54	1.5059540972529644
12	55	0.9853829236645897
12	56	1.634656338186991
12	57	1.2444002546979922
12	58	1.834970747963336
12	59	1.9239449015554069
12	60	0.9778660120584481
12	61	1.053211157317112
12	62	1.4226656136939777
12	63	1.5341055004155968
12	64	1.4849459591926362
12	65	1.4414596324771205
12	66	1.7671426626246949
12	67	1.6010508545307145
12	68	1.5954988520080517
12	69	1.0848646828207462
12	70	1.6704155042739317
12	71	0.9613811552962539
12	72	1.4800574455099693
12	73	1.479329371055785
12	74	0.7242238013977023
12	75	1.1684591314041746
12	76	1.1181693995044126
12	77	0.8093903043471893
12	78	1.8671480391035273
12	79	0.7174568007654032
12	80	1.2113907698075241
12	81	2.2892057067983638
12	82	2.6095128724908134
12	83	2.67803514639754
12	84	2.8799740805766776
12	85	2.229094595057882
12	86	2.176168423472479
12	87	2.638776176181265
12	88	2.048805648401472
12	89	2.875885727251495
12	90	2.2293920791010002
12	91	3.0440902155402894
12	92	2.2688780308190184
12	93	2.0868475748382638
12	94	2.584928652879931
12	95	2.131542203649141
12	96	2.8082508115484086
12	97	2.607536117594634
12	98	2.1974334719474897
12	99	2.4195835176181193
12	100	2.810860941751803
13	1	2.8752364707686207
13	2	2.4692268964101887
13	3	2.9297183402241753
13	4	3.465110993225051
13	5	2.655547854881582
13	6	2.7430348246513763
13	7	2.7264597364422527
13	8	3.0328481617417133
13	9	2.5077521019831632
13	10	3.184690686003597
13	11	3.2859753195189074
13	12	3.2213109527998562
13	13	3.938891636607192
13	14	3.4185487816620697
13	15	3.3118663732927
13	16	3.239590562012344
13	17	3.517437746926933
13	18	3.1784490632925704
13	19	3.4945562740038185
13	20	2.940010128941872
13	21	3.239203870732984
13	22	3.092076689064053
13	23	2.937886032246192
13	24	2.818785417132263
13	25	3.83572101006708
13	26	3.137737290502157
13	27	2.6291182781235545
13	28	2.6319972487087435
13	29	2.963487520975618
13	30	3.460707838667797
13	31	2.978206795024086
13	32	2.4037429918227984
13	33	3.215719844987201
13	34	3.1477864798427424
13	35	2.6355332590855456
13	36	3.3119229697076467
13	37	2.711072514005337
13	38	2.7529418353755437
13	39	3.1057003736611364
13	40	2.464941396982044
13	41	0.9562435044731004
13	42	0.2948350486595621
13	43	0.7071997641146721
13	44	1.0954658399360362
13	45	0.5657716227003009
13	46	1.1978753066668983
13	47	1.269705231755497
13	48	0.6090889038185416
13	49	0.5579766711391745
13	50	0.3180775787112937
13	51	0.4209744848727657
13	52	0.9118597880680723
13	53	1.11724862721056
13	54	1.2739972772595176
13	55	0.7484396218148621
13	56	1.2560993977855794
13	57	0.6280041917203065
13	58	1.1999787367798045
13	59	1.335611626356909
13	60	0.41163324466982587
13	61	0.7647618032531356
13	62	1.1510158173768739
13	63	1.1647805693506372
13	64	1.0848295820374076
13	65	0.9347956809795774
13	66	1.1055969426387038
13	67	1.036564505267373
13	68	0.9839053255388945
13	69	0.5428363229320934
13	70	1.060364600187627
13	71	0.5357974730136474
13	72	0.891801476332168
13	73	1.2755349121542325
13	74	0.47942676584036015
13	75	0.5603981882218494
13	76	0.8677144073235827
13	77	0.20737126763426517
13	78	1.276714854701536
13	79	0.35406396277436336
13	80	0.7000739893684904
13	81	1.7269175977045905
13	82	2.30836662810062
13	83	2.0746113303285254
13	84	2.458591661283347
13	85	1.7081049381030509
13	86	1.8218871566181472
13	87	2.1096729512370285
13	88	1.7102113088052122
13	89	2.4475697772161036
13	90	1.7847544741305374
13	91	2.5472278542081375
13	92	2.005102810137319
13	93	1.7046696929557146
13	94	2.073479162106443
13	95	1.8084246279622338
13	96	2.4245772050344603
13	97	2.031174457481465
13	98	1.7987315178276408
13	99	2.1630964216049566
13	100	2.5206150948241564
14	1	2.9622385721615316
14	2	2.905429587681169
14	3	2.8680159176310442
14	4	3.684502062500051
14	5	2.7706654351910274
14	6	3.2417909717932534
14	7	3.1223705469959935
14	8	3.007470217017949
14	9	2.7572958488301245
14	10	3.3208827879580856
14	11	3.6147133814667995
14	12	3.537260014306689
14	13	3.4185487816620697
14	14	3.938891636607192
14	15	3.7030843412782386
14	16	3.716766966356207
14	17	3.597332710608325
14	18	3.6667937909903783
14	19	3.164117220804311
14	20	2.8325177932590004
14	21	3.563303017540416
14	22	3.4178684062483655
14	23	3.45439308189224
14	24	3.0970775145099436
14	25	3.412738614274645
14	26	3.0837793632983526
14	27	2.7597656603584597
14	28	2.7037649767339174
14	29	3.209720713666023
14	30	3.7244544302233633
14	31	3.0219240368083633
14	32	2.658012005476785
14	33	3.224745387694641
14	34	3.1036072714896417
14	35	2.8814050022686044
14	36	3.190508384445864
14	37	3.0536642786203716
14	38	3.168386657352957
14	39	3.544500919529132
14	40	2.797540211850305
14	41	1.4763545664368651
14	42	0.8140371070773664
14	43	1.227393317785109
14	44	1.593744326963456
14	45	1.0860346411118709
14	46	1.6383983720916477
14	47	1.7789464620705604
14	48	1.0413755249234735
14	49	0.9879764622414546
14	50	0.7694566914718091
14	51	0.935743319098195
14	52	1.4232470290245303
14	53	1.6368574945967511
14	54	1.707312202523453
14	55	1.180120864657325
14	56	1.7446755247440895
14	57	1.1451678665668212
14	58	1.712002478683662
14	59	1.854965663506977
14	60	0.9319025065349225
14	61	1.2183831089779815
14	62	1.600358090964905
14	63	1.6499285234545473
14	64	1.5787295965736368
14	65	1.4507973130529024
14	66	1.6084548764121194
14	67	1.5569017537598837
14	68	1.501250964846926
14	69	1.0620135634483705
14	70	1.577799876604717
14	71	1.0343930506038355
14	72	1.4115905599285101
14	73	1.695961031563196
14	74	0.9130994749408501
14	75	1.0787679565290396
14	76	1.3060867945644787
14	77	0.726629734977029
14	78	1.7959811476958731
14	79	0.8334089990130789
14	80	1.2162663843010297
14	81	2.2471415652775812
14	82	2.7844531599568816
14	83	2.5894722924272613
14	84	2.9701973242945634
14	85	2.2272543161503613
14	86	2.307801603426405
14	87	2.6299152228547724
14	88	2.189801027969211
14	89	2.960192159784644
14	90	2.2936722994658387
14	91	3.067450123037823
14	92	2.460975317921511
14	93	2.1977439095624485
14	94	2.5929049075280766
14	95	2.283844341103012
14	96	2.9277716747148186
14	97	2.5500084981224758
14	98	2.297186936746077
14	99	2.6189543962414197
14	100	2.9985723945787637
15	1	2.729635264437591
15	2	2.7876934370822877
15	3	3.0456547727023895
15	4	3.767993371081576
15	5	2.542801181276337
15	6	3.179809513293249
15	7	2.966589024944366
15	8	2.771978345958276
15	9	2.5552223791952193
15	10	3.0868660728862074
15	11	3.8439534045606547
15	12	3.318135706717596
15	13	3.3118663732927
15	14	3.7030843412782386
15	15	3.938891636607192
15	16	3.8152117112266892
15	17	3.668664139064755
15	18	3.7629000117937847
15	19	3.2001550330378694
15	20	2.9965016554268873
15	21	3.7973187992754966
15	22	3.65307824003195
15	23	3.502048409948146
15	24	2.893433425833136
15	25	3.2714673414317867
15	26	2.849806548721779
15	27	2.987754119311914
15	28	2.9225972170889296
15	29	3.444467068502964
15	30	3.7870984524872946
15	31	2.786667744878032
15	32	2.4592925779857304
15	33	2.9894846629981595
15	34	2.8693395912483073
15	35	3.1171983296109493
15	36	3.315369484445026
15	37	3.280429552265094
15	38	3.3690236691530644
15	39	3.378809903868911
15	40	3.023936730431277
15	41	1.5374272747200024
15	42	0.8862128720381177
15	43	1.287914250132225
15	44	1.7180099970956824
15	45	1.1454045129415107
15	46	1.8171633967098457
15	47	1.7767546354639063
15	48	1.2243400734370153
15	49	1.172170479826085
15	50	0.9402281703629711
15	51	0.9540757223345877
15	52	1.5230018043220288
15	53	1.67584873694032
15	54	1.8905782003877412
15	55	1.363585350467718
15	56	1.881928063434359
15	57	1.1718029974811444
15	58	1.7176385330560588
15	59	1.890332495199726
15	60	0.991558048181918
15	61	1.3878869571338628
15	62	1.7732361892336903
15	63	1.7912834888198041
15	64	1.7092758629292923
15	65	1.5367859270831943
15	66	1.5938375822411963
15	67	1.6111978286560538
15	68	1.5269458795601407
15	69	1.1337532182031236
15	70	1.6034671845877093
15	71	1.158761334005455
15	72	1.4535517203709962
15	73	1.8863199116832265
15	74	1.095140441881619
15	75	1.1116813586417758
15	76	1.485760410941308
15	77	0.7664736306552773
15	78	1.8310567483685825
15	79	0.9810892231789894
15	80	1.3021817456985656
15	81	2.2898692554275506
15	82	2.9350770504960764
15	83	2.593526706660126
15	84	3.0592725347010834
15	85	2.2938352376342195
15	86	2.4477404490401655
15	87	2.679040942169865
15	88	2.337063519033035
15	89	3.0463464840344097
15	90	2.3964042080708436
15	91	3.1067694536083708
15	92	2.6302576855600988
15	93	2.3285783204481407
15	94	2.6534950693406465
15	95	2.4354409449923544
15	96	3.037869267618483
15	97	2.573892486393235
15	98	2.4197665407334874
15	99	2.7885535839009283
15	100	3.1465581822989255
16	1	2.7868476591908253
16	2	2.90755920884787
16	3	2.930227489235805
16	4	3.6584553633371932
16	5	2.6104445023138
16	6	3.303365289310103
16	7	3.076986251049164
16	8	2.806291577335552
16	9	2.647670926250244
16	10	3.136861231050813
16	11	3.7352030283797455
16	12	3.387366675614456
16	13	3.239590562012344
16	14	3.716766966356207
16	15	3.8152117112266892
16	16	3.938891636607192
16	17	3.5544000067948436
16	18	3.8768184564278965
16	19	3.0841334478821296
16	20	2.877844859920104
16	21	3.70537229375953
16	22	3.5972894014584544
16	23	3.616991912815211
16	24	2.982601289522062
16	25	3.2143659883206395
16	26	2.8758613507944144
16	27	2.9066713906873645
16	28	2.8303992880878663
16	29	3.375210280088392
16	30	3.68779473294375
16	31	2.8336261879971345
16	32	2.5542578060743795
16	33	3.0208042797052705
16	34	2.8964343256664877
16	35	3.0652353117863163
16	36	3.191723660556194
16	37	3.2622256435947765
16	38	3.3895838822413937
16	39	3.47854658456618
16	40	3.008158160063073
16	41	1.6389167884001021
16	42	0.9834795191987595
16	43	1.3893641901360874
16	44	1.793783713322127
16	45	1.2471152091393574
16	46	1.8583680127489517
16	47	1.8939986685263146
16	48	1.261972135135239
16	49	1.2087730042584064
16	50	0.9872341188968026
16	51	1.0667130541234147
16	52	1.6100527509864921
16	53	1.7839696075575353
16	54	1.9281328915182812
16	55	1.4008333076387474
16	56	1.9509026133823175
16	57	1.2826479275005456
16	58	1.833415335444991
16	59	1.9996434712707534
16	60	1.0930744379786717
16	61	1.4359604389968212
16	62	1.8189824458314408
16	63	1.8578293004744713
16	64	1.7817620715667863
16	65	1.6294573827897025
16	66	1.7129185075835478
16	67	1.714880318179734
16	68	1.638278079423349
16	69	1.2313341461249117
16	70	1.7148726526826397
16	71	1.234049635227537
16	72	1.5606599987988168
16	73	1.9177018774080028
16	74	1.1335033574953561
16	75	1.2209329544843204
16	76	1.526127741591567
16	77	0.8737003606094245
16	78	1.9403724874893535
16	79	1.0433918479842554
16	80	1.3946764663898752
16	81	2.3978382625457177
16	82	2.9978813419535393
16	83	2.7108067675422407
16	84	3.1546052339864668
16	85	2.394572667022116
16	86	2.515938994788862
16	87	2.7862006054812585
16	88	2.4007002494870995
16	89	3.142756488334036
16	90	2.4834036671404354
16	91	3.2186435570087943
16	92	2.679380678516779
16	93	2.401683097199109
16	94	2.7571109484436422
16	95	2.4965082026873615
16	96	3.1238222367562547
16	97	2.6871721763590912
16	98	2.4973855243612144
16	99	2.83766893354548
16	100	3.2119512445431435
17	1	2.6856216753389868
17	2	2.571085780528381
17	3	3.192263242718929
17	4	3.8339319913372316
17	5	2.4794268147029594
17	6	2.935630491520329
17	7	2.7810661218520556
17	8	2.778479502558583
17	9	2.428921934594811
17	10	3.0422369187253038
17	11	3.6848355393525107
17	12	3.212838493041934
17	13	3.517437746926933
17	14	3.597332710608325
17	15	3.668664139064755
17	16	3.5544000067948436
17	17	3.938891636607192
17	18	3.495885019439778
17	19	3.4686235784508854
17	20	3.1656961141733975
17	21	3.6475680657299323
17	22	3.510037296645111
17	23	3.2337191533762253
17	24	2.7672887878107986
17	25	3.446638466760255
17	26	2.871386507898302
17	27	3.0016086799128137
17	28	2.9753098747277855
17	29	3.3805069385218487
17	30	3.797924669106895
17	31	2.7641276494150215
17	32	2.327809758485288
17	33	2.9922353708183707
17	34	2.887723876736702
17	35	3.047065619279315
17	36	3.5316944129404346
17	37	3.132144096185039
17	38	3.159639445514181
17	39	3.203525639259643
17	40	2.886286147633499
17	41	1.2689708203741223
17	42	0.6200201204415485
17	43	1.0195332936646637
17	44	1.4684636262052453
17	45	0.8769447422018048
17	46	1.6089574500912338
17	47	1.509516914192396
17	48	1.0237684902337207
17	49	0.9733013399123376
17	50	0.7270629259603547
17	51	0.6842302905801332
17	52	1.2635778142779244
17	53	1.4056739748205547
17	54	1.6871178220291774
17	55	1.163068483693983
17	56	1.6390012827036107
17	57	0.9016410698519599
17	58	1.4492371513600677
17	59	1.6201050009980231
17	60	0.723207844608114
17	61	1.1719890312594043
17	62	1.5590035813199994
17	63	1.5512679590069558
17	64	1.4630787909464038
17	65	1.273181975597761
